Country	time	s_hat	s_var	x_eff_vac	x_eff_alpha	x_eff_delta	cases	dC_vac	dC_alpha	dC_delta
ITALY	44324	0.065	1.46e-05	0.10226262575554405	0.02129990353250304	0.00034911774255867684	19.281079374685085	0.13422941372906827	0.3038791875592727	-0.37496303711743273
ITALY	44331	0.064	7.8e-06	0.11993581917000147	0.022318355343819835	0.00037972612894481835	15.794930352474102	0.13422941372906827	0.3038791875592727	-0.37496303711743273
ITALY	44338	0.063	6.6e-06	0.141349799654211	0.023115034169090446	0.00040567878054865525	11.879576668036997	0.13422941372906827	0.3038791875592727	-0.37496303711743273
ITALY	44345	0.071	5.8e-06	0.16592405341539299	0.023740435888801446	0.0004323149761845016	8.435420460134896	0.13422941372906827	0.3038791875592727	-0.37496303711743273
ITALY	44352	0.083	5.3e-06	0.1866299454179618	0.02420438975306964	0.0004655498652206326	5.883218132493907	0.13422941372906827	0.3038791875592727	-0.37496303711743273
ITALY	44359	0.093	4.8e-06	0.20655188362967453	0.02453889172274007	0.0005069520357258768	4.248894243060141	0.13422941372906827	0.3038791875592727	-0.37496303711743273
ITALY	44366	0.099	4.1e-06	0.23258444987935523	0.02474342459129102	0.0005450116712236908	2.9893582919847677	0.13422941372906827	0.3038791875592727	-0.37496303711743273
ITALY	44373	0.098	4.4e-06	0.26372208855000934	0.024826855322864425	0.0005788931998625804	2.0591387702824253	0.13422941372906827	0.3038791875592727	-0.37496303711743273
ITALY	44380	0.1	5.3e-06	0.29825485764401855	0.024804596834125205	0.0006219739821458135	1.46096893805606	0.13422941372906827	0.3038791875592727	-0.37496303711743273
ITALY	44387	0.098	7.7e-06	0.3402394254213722	0.024681414781825364	0.0006945345651320611	1.4005059115363636	0.13422941372906827	0.3038791875592727	-0.37496303711743273
ITALY	44394	0.095	1.75e-05	0.38798174863091495	0.02446259871464356	0.0008423848571905636	2.1752609116257333	0.13422941372906827	0.3038791875592727	-0.37496303711743273
BELGIUM	44322	0.044	2.54e-05	0.08031034082607105	0.020885953827015573	8.487199028045286e-05	27.53144811694712	0.13422941372906827	0.3038791875592727	-0.37496303711743273
BELGIUM	44329	0.041	1.68e-05	0.09469555386671798	0.022552525864203605	0.00012076343008492307	25.08782846159679	0.13422941372906827	0.3038791875592727	-0.37496303711743273
BELGIUM	44336	0.05	1.19e-05	0.11859033055692246	0.023931110926280173	0.00015672130629063163	22.126685839660382	0.13422941372906827	0.3038791875592727	-0.37496303711743273
BELGIUM	44343	0.069	1e-05	0.14455611136814048	0.025231926217865627	0.00020059586118032242	19.151788454492454	0.13422941372906827	0.3038791875592727	-0.37496303711743273
BELGIUM	44350	0.092	7.2e-06	0.1740181323758852	0.026399152771471136	0.0002561292450887373	16.70043174482438	0.13422941372906827	0.3038791875592727	-0.37496303711743273
BELGIUM	44357	0.115	6.9e-06	0.20952057029438903	0.027252899703485333	0.00031129225385905917	12.719717298351302	0.13422941372906827	0.3038791875592727	-0.37496303711743273
BELGIUM	44364	0.126	7.7e-06	0.24624878914367446	0.027830735170983344	0.0003715893844267714	8.746310069844968	0.13422941372906827	0.3038791875592727	-0.37496303711743273
BELGIUM	44371	0.134	8.6e-06	0.2755765484866538	0.028225171093490042	0.0004712815306273656	5.803650411000922	0.13422941372906827	0.3038791875592727	-0.37496303711743273
BELGIUM	44378	0.134	1.39e-05	0.3069629951996032	0.028482498877360943	0.0006678129124016698	4.683926716684717	0.13422941372906827	0.3038791875592727	-0.37496303711743273
GERMANY	44337	0.08	3.5e-06	0.11747996831410938	0.013602691028499671	6.201402131727402e-05	13.982639024755892	0.13422941372906827	0.3038791875592727	-0.37496303711743273
GERMANY	44344	0.091	3.1e-06	0.14382159902893168	0.014268543771715532	7.634334724274256e-05	9.666036320582752	0.13422941372906827	0.3038791875592727	-0.37496303711743273
GERMANY	44351	0.104	2.9e-06	0.17319427813374041	0.014848251371802042	9.708296019257656e-05	6.5970428223221775	0.13422941372906827	0.3038791875592727	-0.37496303711743273
GERMANY	44358	0.115	2.9e-06	0.21189884611286344	0.015280267903768244	0.00012064715002538018	4.131383243367012	0.13422941372906827	0.3038791875592727	-0.37496303711743273
GERMANY	44365	0.126	3.9e-06	0.25136752442873456	0.015608698884793023	0.00014668702641211566	2.665956428301814	0.13422941372906827	0.3038791875592727	-0.37496303711743273
GERMANY	44372	0.133	5.6e-06	0.29044063648577384	0.015850111477091647	0.0001745163347958826	1.647964526921428	0.13422941372906827	0.3038791875592727	-0.37496303711743273
GERMANY	44379	0.131	8.4e-06	0.3271994383571455	0.016018356599863087	0.00020463085368178496	0.9655488108046498	0.13422941372906827	0.3038791875592727	-0.37496303711743273
JAPAN	44337	0.052	5.1e-06	0.01653336917730528	0.0014022431100775875	1.2934093654419306e-05	4.420043487865004	0.13422941372906827	0.3038791875592727	-0.37496303711743273
JAPAN	44344	0.059	4.6e-06	0.020604801435071794	0.001616647005752112	1.6916207725030043e-05	4.094103459687791	0.13422941372906827	0.3038791875592727	-0.37496303711743273
JAPAN	44351	0.069	3.5e-06	0.02786916144354777	0.001788599712744265	2.1428602307342492e-05	3.1060494056697583	0.13422941372906827	0.3038791875592727	-0.37496303711743273
JAPAN	44358	0.077	3.7e-06	0.039499582310243635	0.0019314626737599832	2.7017715364866518e-05	2.2375503285199403	0.13422941372906827	0.3038791875592727	-0.37496303711743273
JAPAN	44365	0.082	3.1e-06	0.05836593339743056	0.0020521905138183444	3.384751985126834e-05	1.60078322710473	0.13422941372906827	0.3038791875592727	-0.37496303711743273
JAPAN	44372	0.085	2e-06	0.08223061961877173	0.0021636888610815186	4.4132625614824984e-05	1.2786908541220159	0.13422941372906827	0.3038791875592727	-0.37496303711743273
JAPAN	44379	0.085	1.3e-06	0.11039091510371837	0.0022677307396696727	6.0912563068843364e-05	1.171868839289202	0.13422941372906827	0.3038791875592727	-0.37496303711743273
JAPAN	44386	0.087	9e-07	0.13948754826271148	0.002365319297620648	9.000973777540056e-05	1.2767471932505685	0.13422941372906827	0.3038791875592727	-0.37496303711743273
JAPAN	44393	0.087	7e-07	0.17150061302893713	0.002458724461901805	0.00014840441708547627	1.5947142452000067	0.13422941372906827	0.3038791875592727	-0.37496303711743273
JAPAN	44400	0.09	6e-07	0.20308266460852684	0.002548794735387503	0.00026348699004176125	2.2597635956221964	0.13422941372906827	0.3038791875592727	-0.37496303711743273
JAPAN	44407	0.086	7e-07	0.24675311793818108	0.0026367589902191566	0.0004902757455978549	3.801681664905948	0.13422941372906827	0.3038791875592727	-0.37496303711743273
JAPAN	44414	0.08	9e-07	0.29070985660729093	0.0027261811234246818	0.0009477542758328508	6.532207856902387	0.13422941372906827	0.3038791875592727	-0.37496303711743273
JAPAN	44421	0.077	1.7e-06	0.3279052079362077	0.0027903250818408893	0.0015681880681739702	9.763127556925543	0.13422941372906827	0.3038791875592727	-0.37496303711743273
TX	44320	0.058	2.71e-05	0.23777351099726504	0.007087357057579671	3.5337137481375504e-05	10.905969891412074	0.13422941372906827	0.3038791875592727	-0.37496303711743273
TX	44327	0.066	1.88e-05	0.2664440060485545	0.007600574811272832	4.439118541890279e-05	9.633217883855504	0.13422941372906827	0.3038791875592727	-0.37496303711743273
TX	44334	0.08	1.35e-05	0.2938645820218641	0.008068311194853907	5.509834810790761e-05	8.290472235770148	0.13422941372906827	0.3038791875592727	-0.37496303711743273
TX	44341	0.094	1.37e-05	0.31877035721100794	0.008472566361803631	7.093776223784333e-05	6.950471436332978	0.13422941372906827	0.3038791875592727	-0.37496303711743273
TX	44348	0.106	1.23e-05	0.34211999952583666	0.008818962546549396	9.688133529874032e-05	5.456759112597295	0.13422941372906827	0.3038791875592727	-0.37496303711743273
TX	44355	0.111	9.7e-06	0.36514114409846193	0.009098767061727063	0.0001454062380201382	4.984302039027974	0.13422941372906827	0.3038791875592727	-0.37496303711743273
TX	44362	0.115	8.1e-06	0.3904507684327418	0.009379889580229056	0.00025642664078022107	5.16769223933502	0.13422941372906827	0.3038791875592727	-0.37496303711743273
TX	44369	0.119	7.2e-06	0.41581156914892925	0.00954040162013934	0.0003607554415350353	5.417988125441641	0.13422941372906827	0.3038791875592727	-0.37496303711743273
TX	44376	0.123	8.7e-06	0.4386270286476838	0.009647491612358677	0.0005162456891201439	4.257774912460772	0.13422941372906827	0.3038791875592727	-0.37496303711743273
FRANCE	44327	0.056	1.64e-05	0.10155451268345382	0.03127733372900823	9.364572556002871e-05	31.523167512088047	0.13422941372906827	0.3038791875592727	-0.37496303711743273
FRANCE	44334	0.071	1.26e-05	0.11544584718753204	0.032992452075977965	0.00011444293297602022	24.668505828957908	0.13422941372906827	0.3038791875592727	-0.37496303711743273
FRANCE	44341	0.094	1.16e-05	0.12938371007051094	0.03454344621319838	0.00013949774179812887	19.846415116727478	0.13422941372906827	0.3038791875592727	-0.37496303711743273
FRANCE	44348	0.114	1.3e-05	0.14860880582129635	0.03573370034364868	0.00018197036642345134	16.354898994393523	0.13422941372906827	0.3038791875592727	-0.37496303711743273
FRANCE	44355	0.125	1.14e-05	0.17110367427968537	0.03667446233324344	0.00024198077600323848	12.429325739372905	0.13422941372906827	0.3038791875592727	-0.37496303711743273
FRANCE	44362	0.118	5.9e-06	0.1976366227619195	0.037298820181306806	0.00032530945038043187	9.13959835068672	0.13422941372906827	0.3038791875592727	-0.37496303711743273
FRANCE	44369	0.119	4e-06	0.2292644596943388	0.03768924967253113	0.0004148473785732507	6.066417489840111	0.13422941372906827	0.3038791875592727	-0.37496303711743273
FRANCE	44376	0.105	3.8e-06	0.2661460345367996	0.03789991905823634	0.0005158258416303533	3.6116549494230368	0.13422941372906827	0.3038791875592727	-0.37496303711743273
FRANCE	44383	0.097	4.5e-06	0.30497384165436386	0.03795872956685089	0.0006731158907522293	3.1994749488297587	0.13422941372906827	0.3038791875592727	-0.37496303711743273
FRANCE	44390	0.092	7.3e-06	0.3452460075630728	0.03786807641407838	0.0009607073748971898	4.35295600842455	0.13422941372906827	0.3038791875592727	-0.37496303711743273
SWITZERLAND	44343	0.092	2.19e-05	0.17186292454416602	0.016870004136981732	7.691343594909095e-05	12.333207962738545	0.13422941372906827	0.3038791875592727	-0.37496303711743273
SWITZERLAND	44350	0.115	2.02e-05	0.20125074134805054	0.017605655383167565	0.00010150075828046208	9.919690151814688	0.13422941372906827	0.3038791875592727	-0.37496303711743273
SWITZERLAND	44357	0.135	1.54e-05	0.2325978709137165	0.018111442983478537	0.00012579720189225286	7.770643867117573	0.13422941372906827	0.3038791875592727	-0.37496303711743273
SWITZERLAND	44364	0.145	1.39e-05	0.26540081700007906	0.018538781481202547	0.00016588725032369114	4.8367883679341634	0.13422941372906827	0.3038791875592727	-0.37496303711743273
SWITZERLAND	44371	0.144	1.4e-05	0.29980242874537616	0.018797495070057485	0.00020585160524055112	2.9292659716133125	0.13422941372906827	0.3038791875592727	-0.37496303711743273
SWITZERLAND	44378	0.144	1.56e-05	0.3363704240936369	0.018958542035055693	0.0002567098472243821	1.7927842070684694	0.13422941372906827	0.3038791875592727	-0.37496303711743273
IRELAND	44322	0.04	4.68e-05	0.09274218622496204	0.024381994698792868	2.9284807133066244e-05	8.684694708146093	0.13422941372906827	0.3038791875592727	-0.37496303711743273
IRELAND	44329	0.052	2.69e-05	0.10964637159930302	0.024805420426162572	4.1503035471549626e-05	8.736873116560144	0.13422941372906827	0.3038791875592727	-0.37496303711743273
IRELAND	44336	0.074	2.06e-05	0.1278338900647227	0.025160247883549074	5.604784990865252e-05	8.605423664593982	0.13422941372906827	0.3038791875592727	-0.37496303711743273
IRELAND	44343	0.091	1.72e-05	0.15493627395136259	0.025440652833010884	7.536793473631313e-05	8.514111449869393	0.13422941372906827	0.3038791875592727	-0.37496303711743273
IRELAND	44350	0.106	1.52e-05	0.1767598514700614	0.025615348305529348	0.00010846643069326773	8.410758063972334	0.13422941372906827	0.3038791875592727	-0.37496303711743273
IRELAND	44357	0.12	1.3e-05	0.19991522603007994	0.02564923344853738	0.00018009413686857312	7.78662402486582	0.13422941372906827	0.3038791875592727	-0.37496303711743273
IRELAND	44364	0.13	9.4e-06	0.239705518072622	0.02551678525259163	0.00031487379403116186	7.1233561794487725	0.13422941372906827	0.3038791875592727	-0.37496303711743273
IRELAND	44371	0.119	9.2e-06	0.2840195819706916	0.025259353418174885	0.0005144295503490728	6.349710931617386	0.13422941372906827	0.3038791875592727	-0.37496303711743273
IRELAND	44378	0.108	1.05e-05	0.3282658843513214	0.02489644213222238	0.0008431133337053751	7.383244790587979	0.13422941372906827	0.3038791875592727	-0.37496303711743273
IRELAND	44385	0.11	2.03e-05	0.380599061851799	0.0244395255969527	0.0013603539583090217	8.514111449869395	0.13422941372906827	0.3038791875592727	-0.37496303711743273
NETHERLANDS	44343	0.098	1.41e-05	0.1270891474523158	0.032938661475526806	0.00015551029828870865	25.622348541270433	0.13422941372906827	0.3038791875592727	-0.37496303711743273
NETHERLANDS	44350	0.107	9.4e-06	0.15595952634203594	0.03442786057599851	0.000220117428110961	19.170104117522445	0.13422941372906827	0.3038791875592727	-0.37496303711743273
NETHERLANDS	44357	0.12	5.9e-06	0.18505593027500464	0.03552947127619998	0.00030577195416864545	13.92963900389761	0.13422941372906827	0.3038791875592727	-0.37496303711743273
NETHERLANDS	44364	0.125	5.1e-06	0.2165964023203803	0.0363452925240275	0.00039952191493272297	9.621737352628477	0.13422941372906827	0.3038791875592727	-0.37496303711743273
NETHERLANDS	44371	0.118	3.8e-06	0.25200268232283823	0.036927776493373116	0.0005024628157988673	6.067922297519597	0.13422941372906827	0.3038791875592727	-0.37496303711743273
NETHERLANDS	44378	0.119	5.8e-06	0.2895715925303022	0.03731874513863244	0.0006467143667150631	4.41475484848566	0.13422941372906827	0.3038791875592727	-0.37496303711743273
NETHERLANDS	44385	0.123	1.68e-05	0.3257999057770243	0.037597623016467976	0.0012807080413169498	8.916273328498638	0.13422941372906827	0.3038791875592727	-0.37496303711743273
NY	44325	0.067	3.6e-05	0.33256451853020086	0.004203203496916607	2.587040599494845e-05	9.49272988021681	0.13422941372906827	0.3038791875592727	-0.37496303711743273
NY	44332	0.072	2.51e-05	0.369868874141416	0.004501212378089731	3.5508136913310895e-05	7.447559306852758	0.13422941372906827	0.3038791875592727	-0.37496303711743273
NY	44339	0.079	2.02e-05	0.40458305307884296	0.004751311610524134	4.5242262841941386e-05	5.663263692259822	0.13422941372906827	0.3038791875592727	-0.37496303711743273
NY	44346	0.091	1.66e-05	0.4363232834220346	0.004948601775781221	5.522685655634044e-05	4.152961037211115	0.13422941372906827	0.3038791875592727	-0.37496303711743273
NY	44353	0.11	1.87e-05	0.46520789132782925	0.005100326773520279	6.816033489679084e-05	2.7815111827986483	0.13422941372906827	0.3038791875592727	-0.37496303711743273
NY	44360	0.128	2.35e-05	0.49907116039196475	0.00521919099390684	8.56694554039341e-05	1.8135017295217737	0.13422941372906827	0.3038791875592727	-0.37496303711743273
NY	44367	0.14	3.41e-05	0.5331486228815168	0.005308387797039087	0.0001072052159228931	1.225666789216845	0.13422941372906827	0.3038791875592727	-0.37496303711743273
USA	44323	0.07	1.4e-06	0.3274750584609422	0.006813563338959961	5.3718470483011724e-05	15.35953280385255	0.13422941372906827	0.3038791875592727	-0.37496303711743273
USA	44330	0.079	1e-06	0.36042658221995016	0.007396979434077235	6.819390401324499e-05	12.802364124851854	0.13422941372906827	0.3038791875592727	-0.37496303711743273
USA	44337	0.09	8e-07	0.39222651740267606	0.007909145517394682	8.739376064216166e-05	10.414773228321888	0.13422941372906827	0.3038791875592727	-0.37496303711743273
USA	44344	0.099	7e-07	0.42107005869936065	0.00834105262177166	0.00011612033956611644	8.32374445141526	0.13422941372906827	0.3038791875592727	-0.37496303711743273
USA	44351	0.106	6e-07	0.4481370032032837	0.00866824554886381	0.00015350162270812783	6.253877227559842	0.13422941372906827	0.3038791875592727	-0.37496303711743273
USA	44358	0.111	6e-07	0.4772446218650484	0.008947142531023317	0.00021661591165780884	5.135213552991596	0.13422941372906827	0.3038791875592727	-0.37496303711743273
USA	44365	0.114	5e-07	0.5042150608238471	0.009167263824025768	0.0003010733789065223	4.152410353158114	0.13422941372906827	0.3038791875592727	-0.37496303711743273
USA	44372	0.115	6e-07	0.5282091885482946	0.009334909996870451	0.00041808436919012746	3.912739619594395	0.13422941372906827	0.3038791875592727	-0.37496303711743273
CANADA	44309	0.063	9.7e-06	0.02408924749248454	0.0036321326124967817	6.0213267944909344e-05	22.11928455337176	0.13422941372906827	0.3038791875592727	-0.37496303711743273
CANADA	44316	0.048	4.7e-06	0.02707872711126482	0.004393494068466158	0.00010293077398074948	21.75953275925581	0.13422941372906827	0.3038791875592727	-0.37496303711743273
CANADA	44323	0.042	3e-06	0.030410618508894007	0.0051664185200928255	0.0001602080012825301	20.669507151600353	0.13422941372906827	0.3038791875592727	-0.37496303711743273
CANADA	44330	0.045	2.2e-06	0.03432287788806196	0.005877184178860703	0.00022681362569122518	18.916324622261268	0.13422941372906827	0.3038791875592727	-0.37496303711743273
CANADA	44337	0.047	1.9e-06	0.0393583467842978	0.006462141950243273	0.0002940548606141284	15.930213983624474	0.13422941372906827	0.3038791875592727	-0.37496303711743273
CANADA	44344	0.05	1.8e-06	0.04594513148090696	0.0069180855468149935	0.0003531536925271342	11.93367232923959	0.13422941372906827	0.3038791875592727	-0.37496303711743273
CANADA	44351	0.052	1.9e-06	0.05872147861531481	0.007288255145073536	0.00041089212211026216	8.284930145763443	0.13422941372906827	0.3038791875592727	-0.37496303711743273
CANADA	44358	0.06	2.6e-06	0.08421608939471978	0.007585771905251912	0.00046751508798795	5.510020998524401	0.13422941372906827	0.3038791875592727	-0.37496303711743273
CANADA	44365	0.079	3.8e-06	0.12564985763064232	0.00783242155511017	0.0005246734855691794	3.84733463061135	0.13422941372906827	0.3038791875592727	-0.37496303711743273
CANADA	44372	0.098	5.5e-06	0.1762831908144962	0.008029739711418895	0.0005770159830775313	2.6727233510279382	0.13422941372906827	0.3038791875592727	-0.37496303711743273
CANADA	44379	0.111	7.9e-06	0.23849258331514991	0.008184088858976687	0.0006261266336743666	1.9106642384099175	0.13422941372906827	0.3038791875592727	-0.37496303711743273
SPAIN	44330	0.069	2.26e-05	0.12470200660905661	0.017174125213482445	6.31264034227963e-05	14.566411947525491	0.13422941372906827	0.3038791875592727	-0.37496303711743273
SPAIN	44337	0.065	1.16e-05	0.1429351694427175	0.01778970438531249	9.145787137456354e-05	12.020054845832231	0.13422941372906827	0.3038791875592727	-0.37496303711743273
SPAIN	44344	0.076	7.4e-06	0.1630879662971104	0.018326633547177767	0.00013100838947906147	10.829986412939713	0.13422941372906827	0.3038791875592727	-0.37496303711743273
SPAIN	44351	0.083	5.3e-06	0.19125446365641155	0.018785161891340777	0.00018307818244525862	9.967010310425167	0.13422941372906827	0.3038791875592727	-0.37496303711743273
SPAIN	44358	0.087	3.7e-06	0.22554843663230198	0.019240337292980397	0.0002732898333443508	10.391117926497326	0.13422941372906827	0.3038791875592727	-0.37496303711743273
SPAIN	44365	0.091	3.2e-06	0.258257658565183	0.019485442715222734	0.00037397385363921356	9.496587789495697	0.13422941372906827	0.3038791875592727	-0.37496303711743273
SPAIN	44372	0.095	3.1e-06	0.2969701396699454	0.01961467298295035	0.0005553674885712897	9.036433700128127	0.13422941372906827	0.3038791875592727	-0.37496303711743273
SPAIN	44379	0.095	3.6e-06	0.34411076023004006	0.01971369278805417	0.0009902761232272693	10.724948915087793	0.13422941372906827	0.3038791875592727	-0.37496303711743273
SPAIN	44386	0.083	4.9e-06	0.39371700847089425	0.019847804608791653	0.0020774723296374856	19.226568471367045	0.13422941372906827	0.3038791875592727	-0.37496303711743273
SPAIN	44393	0.082	1e-05	0.44272956325137763	0.01996127149357954	0.004084442030413139	33.98840150705492	0.13422941372906827	0.3038791875592727	-0.37496303711743273
FINLAND	44327	0.067	3.33e-05	0.03712062055288398	0.0056562357070119975	4.613723151980549e-05	3.772285184759968	0.13422941372906827	0.3038791875592727	-0.37496303711743273
FINLAND	44334	0.065	1.99e-05	0.04727196223311269	0.005910470778922364	8.04427548600288e-05	3.7272268332936513	0.13422941372906827	0.3038791875592727	-0.37496303711743273
FINLAND	44341	0.078	1.18e-05	0.060234765802364275	0.00613344410930707	0.00012433017009338615	3.5325747549591666	0.13422941372906827	0.3038791875592727	-0.37496303711743273
FINLAND	44348	0.089	1.08e-05	0.0754656359460821	0.006294856927467076	0.0001633596593606879	2.990072203304724	0.13422941372906827	0.3038791875592727	-0.37496303711743273
FINLAND	44355	0.103	1.5e-05	0.0925845342598392	0.006416486882938439	0.00020444078892212358	2.318702766456617	0.13422941372906827	0.3038791875592727	-0.37496303711743273
FINLAND	44362	0.123	2.85e-05	0.11076829638910396	0.006488015467656347	0.0002551634358056624	1.7365488655118149	0.13422941372906827	0.3038791875592727	-0.37496303711743273
FINLAND	44369	0.13	3.65e-05	0.12979099569789296	0.00651911599875757	0.00032361014630816746	1.5049489389749513	0.13422941372906827	0.3038791875592727	-0.37496303711743273
CA	44307	0.053	2.55e-05	0.20789759732314936	0.001843227967180268	1.8155946542990995e-05	6.546450001053411	0.13422941372906827	0.3038791875592727	-0.37496303711743273
CA	44314	0.042	1.06e-05	0.23999246129604973	0.002022964704004952	2.6712952133043945e-05	5.896319619624787	0.13422941372906827	0.3038791875592727	-0.37496303711743273
CA	44321	0.047	5.9e-06	0.27212518174009515	0.00219777994369523	3.6628737495716625e-05	4.784104738343956	0.13422941372906827	0.3038791875592727	-0.37496303711743273
CA	44328	0.058	4.4e-06	0.3097883223978341	0.0023681360033029827	4.7643645536466015e-05	4.218702494545594	0.13422941372906827	0.3038791875592727	-0.37496303711743273
CA	44335	0.069	3.9e-06	0.3458867581870501	0.002517404364283805	5.982216295108002e-05	3.9600919849129284	0.13422941372906827	0.3038791875592727	-0.37496303711743273
CA	44342	0.083	3.5e-06	0.3798092676329537	0.002645677992291577	7.621576027328821e-05	3.4828322962314218	0.13422941372906827	0.3038791875592727	-0.37496303711743273
CA	44349	0.093	3.3e-06	0.40814295959082614	0.0027860650218718124	0.00011329985958276577	3.322734054082299	0.13422941372906827	0.3038791875592727	-0.37496303711743273
CA	44356	0.105	3.1e-06	0.43967363996000225	0.0028713655552072594	0.0001528520684850277	2.9925472371380986	0.13422941372906827	0.3038791875592727	-0.37496303711743273
CA	44363	0.11	3e-06	0.4712622126587733	0.0029402846588473712	0.00021003079350482786	2.7051038687297604	0.13422941372906827	0.3038791875592727	-0.37496303711743273
CA	44370	0.113	3.2e-06	0.4992570141009121	0.0029921061879748614	0.00029136082026216077	2.369605735695304	0.13422941372906827	0.3038791875592727	-0.37496303711743273
NORWAY	44339	0.071	2.8e-05	0.12483422255618297	0.010463595974127871	5.3660859372773204e-05	7.741103539958528	0.13422941372906827	0.3038791875592727	-0.37496303711743273
NORWAY	44346	0.076	2.14e-05	0.15585108614135504	0.010805221710225528	7.592795064460341e-05	7.137330396922293	0.13422941372906827	0.3038791875592727	-0.37496303711743273
NORWAY	44353	0.08	2.04e-05	0.18376783605082297	0.011091525776211822	0.00010725244839715809	6.693648617569909	0.13422941372906827	0.3038791875592727	-0.37496303711743273
NORWAY	44360	0.088	1.67e-05	0.21114067163276382	0.01133456205311276	0.0001538797043851358	4.934473232632511	0.13422941372906827	0.3038791875592727	-0.37496303711743273
NORWAY	44367	0.086	1.02e-05	0.2332802106872757	0.01154076539116824	0.00022507847136781644	3.8577444608845566	0.13422941372906827	0.3038791875592727	-0.37496303711743273
NORWAY	44374	0.092	9.7e-06	0.2542682384081318	0.01166641253670572	0.0003193263098739166	3.221953045111551	0.13422941372906827	0.3038791875592727	-0.37496303711743273
NORWAY	44381	0.108	1.49e-05	0.26950030688609194	0.011716974418326805	0.0004417107233589776	3.3591742139834224	0.13422941372906827	0.3038791875592727	-0.37496303711743273
NORWAY	44388	0.123	2.76e-05	0.2849616379737812	0.011706376150862782	0.0006222287413845956	3.34087805813384	0.13422941372906827	0.3038791875592727	-0.37496303711743273
ENGLAND	44311	0.127	2.9e-06	0.13545184637710878	0.03474386708319188	2.690757700234572e-05	3.7492484526967287	0.13422941372906827	0.3038791875592727	-0.37496303711743273
ENGLAND	44318	0.118	1.3e-06	0.16709624961759253	0.03482032110958075	5.564297278653973e-05	3.3165340406719714	0.13422941372906827	0.3038791875592727	-0.37496303711743273
ENGLAND	44325	0.111	7e-07	0.19933649350480895	0.034735038348723636	0.00010778494058326943	3.2383731211317417	0.13422941372906827	0.3038791875592727	-0.37496303711743273
ENGLAND	44332	0.103	6e-07	0.23436567791473895	0.03448818535729159	0.00019416380860324447	3.116268788682582	0.13422941372906827	0.3038791875592727	-0.37496303711743273
ENGLAND	44339	0.101	7e-07	0.2724286143929188	0.034083582495658765	0.00033011363903059465	3.339610963748894	0.13422941372906827	0.3038791875592727	-0.37496303711743273
ENGLAND	44346	0.105	1.2e-06	0.3129376854101199	0.03354160962907314	0.0005542452123052147	3.8839080459770114	0.13422941372906827	0.3038791875592727	-0.37496303711743273
