Country	time	s_hat	s_var	x_eff_vac	x_eff_alpha	x_eff_delta	cases	dC_vac	dC_alpha	dC_delta	s_model	s_0	L
ITALY	44324	0.065	2.33e-05	0.102262625755544	0.021299903532503	0.0003491177425586	19.281079374685085	0.1342294137290682	0.3038791875592727	-0.3749630371174327	0.06406257231424582	0.031693086387403056	4.395732325877507
ITALY	44331	0.064	1.65e-05	0.1199358191700014	0.0223183553438198	0.0003797261289448	15.794930352474102	0.1342294137290682	0.3038791875592727	-0.3749630371174327	0.0677006489410961	0.031693086387403056	4.172142537589782
ITALY	44338	0.063	1.53e-05	0.141349799654211	0.0231150341690904	0.0004056787805486	11.879576668036997	0.1342294137290682	0.3038791875592727	-0.3749630371174327	0.07179323462300158	0.031693086387403056	2.098061078795469
ITALY	44345	0.071	1.45e-05	0.1659240534153929	0.0237404358888014	0.0004323149761845	8.435420460134896	0.1342294137290682	0.3038791875592727	-0.3749630371174327	0.07627753092820583	0.031693086387403056	3.6913171556100925
ITALY	44352	0.083	1.4e-05	0.1866299454179618	0.0242043897530696	0.0004655498652206	5.883218132493907	0.1342294137290682	0.3038791875592727	-0.3749630371174327	0.07999908284606314	0.031693086387403056	4.3476629465129575
ITALY	44359	0.093	1.35e-05	0.2065518836296745	0.02453889172274	0.0005069520357258	4.248894243060141	0.1342294137290682	0.3038791875592727	-0.3749630371174327	0.08348772431417645	0.031693086387403056	1.336235283680831
ITALY	44366	0.099	1.28e-05	0.2325844498793552	0.024743424591291	0.0005450116712236	2.989358291984768	0.1342294137290682	0.3038791875592727	-0.3749630371174327	0.08788793498506108	0.031693086387403056	-0.10926478094429282
ITALY	44373	0.098	1.31e-05	0.2637220885500093	0.0248268553228644	0.0005788931998625	2.0591387702824253	0.1342294137290682	0.3038791875592727	-0.3749630371174327	0.09304165545153394	0.031693086387403056	3.7641449565783707
ITALY	44380	0.1	1.4e-05	0.2982548576440185	0.0248045968341252	0.0006219739821458	1.46096893805606	0.1342294137290682	0.3038791875592727	-0.3749630371174327	0.09866675406744382	0.031693086387403056	4.605804341088492
ITALY	44387	0.098	1.64e-05	0.3402394254213722	0.0246814147818253	0.000694534565132	1.4005059115363636	0.1342294137290682	0.3038791875592727	-0.3749630371174327	0.10541553659800651	0.031693086387403056	2.913646107741232
ITALY	44394	0.095	2.62e-05	0.3879817486309149	0.0244625987146435	0.0008423848571905	2.1752609116257333	0.1342294137290682	0.3038791875592727	-0.3749630371174327	0.11297113583964671	0.031693086387403056	-1.80745462691588
BELGIUM	44322	0.044	3.41e-05	0.080310340826071	0.0208859538270155	8.487199028045286e-05	27.53144811694712	0.1342294137290682	0.3038791875592727	-0.3749630371174327	0.07247575214159772	0.043783291549424876	-7.665398808972951
BELGIUM	44329	0.041	2.5499999999999996e-05	0.0946955538667179	0.0225525258642036	0.0001207634300849	25.08782846159679	0.1342294137290682	0.3038791875592727	-0.3749630371174327	0.0760508240769183	0.043783291549424876	-19.719939509149338
BELGIUM	44336	0.05	2.06e-05	0.1185903305569224	0.0239311109262801	0.0001567213062906	22.126685839660382	0.1342294137290682	0.3038791875592727	-0.3749630371174327	0.0809758119152412	0.043783291549424876	-18.812686166110556
BELGIUM	44343	0.069	1.87e-05	0.1445561113681404	0.0252319262178656	0.0002005958611803	19.15178845449245	0.1342294137290682	0.3038791875592727	-0.3749630371174327	0.0861763108027469	0.043783291549424876	-3.3638314544565446
BELGIUM	44350	0.092	1.59e-05	0.1740181323758852	0.0263991527714711	0.0002561292450887	16.70043174482438	0.1342294137290682	0.3038791875592727	-0.3749630371174327	0.09184177920506204	0.043783291549424876	4.604869964121894
BELGIUM	44357	0.115	1.56e-05	0.209520570294389	0.0272528997034853	0.000311292253859	12.719717298351302	0.1342294137290682	0.3038791875592727	-0.3749630371174327	0.09826783700564354	0.043783291549424876	-4.358064816148742
BELGIUM	44364	0.126	1.64e-05	0.2462487891436744	0.0278307351709833	0.0003715893844267	8.746310069844968	0.1342294137290682	0.3038791875592727	-0.3749630371174327	0.10468531297000785	0.043783291549424876	-9.2609179212265
BELGIUM	44371	0.134	1.73e-05	0.2755765484866538	0.02822517109349	0.0004712815306273	5.803650411000922	0.1342294137290682	0.3038791875592727	-0.3749630371174327	0.10971245294234622	0.043783291549424876	-12.485234252886181
BELGIUM	44378	0.134	2.26e-05	0.3069629951996032	0.0284824988773609	0.0006678129124016	4.683926716684717	0.1342294137290682	0.3038791875592727	-0.3749630371174327	0.11488714354009805	0.043783291549424876	-3.6520449785301556
GERMANY	44337	0.08	1.22e-05	0.1174799683141093	0.0136026910284996	6.201402131727402e-05	13.982639024755892	0.1342294137290682	0.3038791875592727	-0.3749630371174327	0.09383181131146934	0.0644285526339359	-3.102844023374562
GERMANY	44344	0.091	1.1799999999999999e-05	0.1438215990289316	0.0142685437717155	7.634334724274256e-05	9.666036320582752	0.1342294137290682	0.3038791875592727	-0.3749630371174327	0.09864831746273697	0.0644285526339359	2.2760907083972746
GERMANY	44351	0.104	1.16e-05	0.1731942781337404	0.014848251371802	9.708296019257656e-05	6.5970428223221775	0.1342294137290682	0.3038791875592727	-0.3749630371174327	0.1038934254120064	0.0644285526339359	4.762824621600356
GERMANY	44358	0.115	1.16e-05	0.2118988461128634	0.0152802679037682	0.0001206471500253	4.131383243367012	0.1342294137290682	0.3038791875592727	-0.3749630371174327	0.11056118972843312	0.0644285526339359	3.9140453765933887
GERMANY	44365	0.126	1.26e-05	0.2513675244287345	0.015608698884793	0.0001466870264121	2.665956428301814	0.1342294137290682	0.3038791875592727	-0.3749630371174327	0.11727522790424644	0.0644285526339359	1.7012680164638265
GERMANY	44372	0.133	1.4299999999999999e-05	0.2904406364857738	0.0158501114770916	0.0001745163347958	1.647964526921428	0.1342294137290682	0.3038791875592727	-0.3749630371174327	0.12385772342301346	0.0644285526339359	1.736266662105482
GERMANY	44379	0.131	1.71e-05	0.3271994383571455	0.016018356599863	0.0002046308536817	0.9655488108046498	0.1342294137290682	0.3038791875592727	-0.3749630371174327	0.1300028694199744	0.0644285526339359	4.540205309531281
JAPAN	44337	0.052	1.38e-05	0.0165333691773052	0.0014022431100775	1.2934093654419306e-05	4.420043487865004	0.1342294137290682	0.3038791875592727	-0.3749630371174327	0.058091317756113155	0.05433863191147022	3.3321291161473545
JAPAN	44344	0.059	1.33e-05	0.0206048014350717	0.0016166470057521	1.6916207725030043e-05	4.094103459687791	0.1342294137290682	0.3038791875592727	-0.3749630371174327	0.05891719259355059	0.05433863191147022	4.69467694370636
JAPAN	44351	0.069	1.22e-05	0.0278691614435477	0.0017885997127442	2.142860230734249e-05	3.1060494056697583	0.1342294137290682	0.3038791875592727	-0.3749630371174327	0.060236253572113665	0.05433863191147022	1.5904245300598845
JAPAN	44358	0.077	1.24e-05	0.0394995823102436	0.0019314626737599	2.701771536486652e-05	2.2375503285199403	0.1342294137290682	0.3038791875592727	-0.3749630371174327	0.06225095337247784	0.05433863191147022	-4.0415789268515345
JAPAN	44365	0.082	1.1799999999999999e-05	0.0583659333974305	0.0020521905138183	3.384751985126834e-05	1.60078322710473	0.1342294137290682	0.3038791875592727	-0.3749630371174327	0.06543846814594162	0.05433863191147022	-6.867450704407098
JAPAN	44372	0.085	1.07e-05	0.0822306196187717	0.0021636888610815	4.413262561482498e-05	1.278690854122016	0.1342294137290682	0.3038791875592727	-0.3749630371174327	0.06943825013245672	0.05433863191147022	-6.512569561404293
JAPAN	44379	0.085	9.999999999999999e-06	0.1103909151037183	0.0022677307396696	6.091256306884336e-05	1.171868839289202	0.1342294137290682	0.3038791875592727	-0.3749630371174327	0.07413321493099274	0.05433863191147022	-1.0668266875195167
JAPAN	44386	0.087	9.6e-06	0.1394875482627114	0.0023653192976206	9.000973777540056e-05	1.2767471932505683	0.1342294137290682	0.3038791875592727	-0.3749630371174327	0.07896609608656834	0.05433863191147022	1.4962887335065833
JAPAN	44393	0.087	9.4e-06	0.1715006130289371	0.0024587244619018	0.0001484044170854	1.5947142452000067	0.1342294137290682	0.3038791875592727	-0.3749630371174327	0.08424873901635765	0.05433863191147022	4.465832273473921
JAPAN	44400	0.09	9.299999999999999e-06	0.2030826646085268	0.0025487947353875	0.0002634869900417	2.2597635956221964	0.1342294137290682	0.3038791875592727	-0.3749630371174327	0.08940588363439347	0.05433863191147022	4.854832435166596
JAPAN	44407	0.086	9.4e-06	0.246753117938181	0.0026367589902191	0.0004902757455978	3.801681664905948	0.1342294137290682	0.3038791875592727	-0.3749630371174327	0.09644754974124578	0.05433863191147022	-0.9374580773607759
JAPAN	44414	0.08	9.6e-06	0.2907098566072909	0.0027261811234246	0.0009477542758328	6.532207856902387	0.1342294137290682	0.3038791875592727	-0.3749630371174327	0.10332536306561477	0.05433863191147022	-23.47917741506076
JAPAN	44421	0.077	1.04e-05	0.3279052079362077	0.0027903250818408	0.0015681880681739	9.763127556925545	0.1342294137290682	0.3038791875592727	-0.3749630371174327	0.10892219398575531	0.05433863191147022	-44.17374331422853
TX	44320	0.058	3.58e-05	0.237773510997265	0.0070873570575796	3.5337137481375504e-05	10.905969891412074	0.1342294137290682	0.3038791875592727	-0.3749630371174327	0.08128969623899485	0.0369246843290206	-3.375715174454503
TX	44327	0.066	2.7499999999999998e-05	0.2664440060485545	0.0076005748112728	4.439118541890279e-05	9.633217883855504	0.1342294137290682	0.3038791875592727	-0.3749630371174327	0.08638049447306156	0.0369246843290206	-3.2203590741313963
TX	44334	0.08	2.2199999999999998e-05	0.2938645820218641	0.0080683111948539	5.509834810790761e-05	8.290472235770148	0.1342294137290682	0.3038791875592727	-0.3749630371174327	0.09123025948280183	0.0369246843290206	1.5982587082964441
TX	44341	0.094	2.24e-05	0.3187703572110079	0.0084725663618036	7.093776223784333e-05	6.950471436332978	0.1342294137290682	0.3038791875592727	-0.3749630371174327	0.09561428901016596	0.0369246843290206	4.3761182081250345
TX	44348	0.106	2.1000000000000002e-05	0.3421199995258366	0.0088189625465493	9.688133529874032e-05	5.456759112597295	0.1342294137290682	0.3038791875592727	-0.3749630371174327	0.0996899196669914	0.0369246843290206	3.5185290076533255
TX	44355	0.111	1.84e-05	0.3651411440984619	0.009098767061727	0.0001454062380201	4.984302039027974	0.1342294137290682	0.3038791875592727	-0.3749630371174327	0.10364114670541114	0.0369246843290206	3.0611000599025653
TX	44362	0.115	1.6800000000000002e-05	0.3904507684327418	0.009379889580229	0.0002564266407802	5.16769223933502	0.1342294137290682	0.3038791875592727	-0.3749630371174327	0.10791241000249434	0.0369246843290206	3.0830698033840966
TX	44369	0.119	1.59e-05	0.4158115691489292	0.0095404016201393	0.000360755441535	5.417988125441641	0.1342294137290682	0.3038791875592727	-0.3749630371174327	0.1121084006209925	0.0369246843290206	3.1121307131537925
TX	44376	0.123	1.74e-05	0.4386270286476838	0.0096474916123586	0.0005162456891201	4.257774912460772	0.1342294137290682	0.3038791875592727	-0.3749630371174327	0.11579881673771468	0.0369246843290206	3.0704368042471595
FRANCE	44327	0.056	2.51e-05	0.1015545126834538	0.0312773337290082	9.364572556002871e-05	31.523167512088047	0.1342294137290682	0.3038791875592727	-0.3749630371174327	0.07916753340161298	0.03924754409738201	-6.31454155806537
FRANCE	44334	0.071	2.13e-05	0.115445847187532	0.0329924520759779	0.000114442932976	24.668505828957908	0.1342294137290682	0.3038791875592727	-0.3749630371174327	0.08271138917996432	0.03924754409738201	1.2398238543825588
FRANCE	44341	0.094	2.03e-05	0.1293837100705109	0.0345434462131983	0.0001394977417981	19.84641511672748	0.1342294137290682	0.3038791875592727	-0.3749630371174327	0.0861367302987096	0.03924754409738201	2.9605750122306445
FRANCE	44348	0.114	2.17e-05	0.1486088058212963	0.0357337003436486	0.0001819703664234	16.354898994393523	0.1342294137290682	0.3038791875592727	-0.3749630371174327	0.09014719394847223	0.03924754409738201	-8.659432852970397
FRANCE	44355	0.125	2.01e-05	0.1711036742796853	0.0366744623332434	0.0002419807760032	12.429325739372905	0.1342294137290682	0.3038791875592727	-0.3749630371174327	0.09449362900416725	0.03924754409738201	-18.661758866615394
FRANCE	44362	0.118	1.4599999999999999e-05	0.1976366227619195	0.0372988201813068	0.0003253094503804	9.13959835068672	0.1342294137290682	0.3038791875592727	-0.3749630371174327	0.09924728032827006	0.03924754409738201	-7.394998644829233
FRANCE	44369	0.119	1.27e-05	0.2292644596943388	0.0376892496725311	0.0004148473785732	6.066417489840111	0.1342294137290682	0.3038791875592727	-0.3749630371174327	0.1046591742643877	0.03924754409738201	-3.37880640761622
FRANCE	44376	0.105	1.2499999999999999e-05	0.2661460345367996	0.0378999190582363	0.0005158258416303	3.6116549494230368	0.1342294137290682	0.3038791875592727	-0.3749630371174327	0.11079098606750784	0.03924754409738201	3.3845316382605377
FRANCE	44383	0.097	1.3199999999999999e-05	0.3049738416543638	0.0379587295668508	0.0006731158907522	3.1994749488297587	0.1342294137290682	0.3038791875592727	-0.3749630371174327	0.11707811063566487	0.03924754409738201	-10.57138737727622
FRANCE	44390	0.092	1.6e-05	0.3452460075630728	0.0378680764140783	0.0009607073748971	4.35295600842455	0.1342294137290682	0.3038791875592727	-0.3749630371174327	0.12337175713576504	0.03924754409738201	-26.153325921136943
SWITZERLAND	44343	0.092	3.06e-05	0.171862924544166	0.0168700041369817	7.691343594909095e-05	12.333207962738545	0.1342294137290682	0.3038791875592727	-0.3749630371174327	0.11647536782263844	0.07570498548232192	-5.5099778674181294
SWITZERLAND	44350	0.115	2.8899999999999998e-05	0.2012507413480505	0.0176056553831675	0.0001015007582804	9.919690151814688	0.1342294137290682	0.3038791875592727	-0.3749630371174327	0.12183559196047558	0.07570498548232192	3.4984994525414836
SWITZERLAND	44357	0.135	2.4100000000000003e-05	0.2325978709137165	0.0181114429834785	0.0001257972018922	7.770643867117573	0.1342294137290682	0.3038791875592727	-0.3749630371174327	0.1273472011405291	0.07570498548232192	3.18266247732337
SWITZERLAND	44364	0.145	2.26e-05	0.265400817000079	0.0185387814812025	0.0001658872503236	4.8367883679341634	0.1342294137290682	0.3038791875592727	-0.3749630371174327	0.13302536558619638	0.07570498548232192	1.2574553027213122
SWITZERLAND	44371	0.144	2.27e-05	0.2998024287453761	0.0187974950700574	0.0002058516052405	2.9292659716133125	0.1342294137290682	0.3038791875592727	-0.3749630371174327	0.13884104686880178	0.07570498548232192	3.841405265694582
SWITZERLAND	44378	0.144	2.43e-05	0.3363704240936369	0.0189585420350556	0.0002567098472243	1.7927842070684694	0.1342294137290682	0.3038791875592727	-0.3749630371174327	0.1449303732283833	0.07570498548232192	4.375767987392435
IRELAND	44322	0.04	5.55e-05	0.092742186224962	0.0243819946987928	2.9284807133066244e-05	8.684694708146093	0.1342294137290682	0.3038791875592727	-0.3749630371174327	0.0803929170506377	0.04699989637517911	-10.718363484055462
IRELAND	44329	0.052	3.56e-05	0.109646371599303	0.0248054204261625	4.1503035471549626e-05	8.736873116560144	0.1342294137290682	0.3038791875592727	-0.3749630371174327	0.08347814622499349	0.04699989637517911	-9.714121378798605
IRELAND	44336	0.074	2.93e-05	0.1278338900647227	0.025160247883549	5.604784990865252e-05	8.605423664593982	0.1342294137290682	0.3038791875592727	-0.3749630371174327	0.08672127002467775	0.04699989637517911	1.5384067584013676
IRELAND	44343	0.091	2.59e-05	0.1549362739513625	0.0254406528330108	7.536793473631313e-05	8.514111449869393	0.1342294137290682	0.3038791875592727	-0.3749630371174327	0.09137122690386518	0.04699989637517911	4.359034848024074
IRELAND	44350	0.106	2.3899999999999998e-05	0.1767598514700614	0.0256153483055293	0.0001084664306932	8.410758063972334	0.1342294137290682	0.3038791875592727	-0.3749630371174327	0.09506131555850258	0.04699989637517911	1.8986386604372356
IRELAND	44357	0.12	2.17e-05	0.1999152260300799	0.0256492334485373	0.0001800941368685	7.78662402486582	0.1342294137290682	0.3038791875592727	-0.3749630371174327	0.09883020575393059	0.04699989637517911	-5.876111007097434
IRELAND	44364	0.13	1.81e-05	0.239705518072622	0.0255167852525916	0.0003148737940311	7.1233561794487725	0.1342294137290682	0.3038791875592727	-0.3749630371174327	0.10515389864697071	0.04699989637517911	-12.512419677640313
IRELAND	44371	0.119	1.79e-05	0.2840195819706916	0.0252593534181748	0.000514429550349	6.349710931617386	0.1342294137290682	0.3038791875592727	-0.3749630371174327	0.11206919625950788	0.04699989637517911	3.2046275488731197
IRELAND	44378	0.108	1.92e-05	0.3282658843513214	0.0248964421322223	0.0008431133337053	7.383244790587979	0.1342294137290682	0.3038791875592727	-0.3749630371174327	0.11877608652110097	0.04699989637517911	1.487298046097731
IRELAND	44385	0.11	2.9e-05	0.380599061851799	0.0244395255969527	0.001360353958309	8.514111449869395	0.1342294137290682	0.3038791875592727	-0.3749630371174327	0.12657008062853964	0.04699989637517911	-0.4287548250141269
NETHERLANDS	44343	0.098	2.28e-05	0.1270891474523158	0.0329386614755268	0.0001555102982887	25.622348541270437	0.1342294137290682	0.3038791875592727	-0.3749630371174327	0.09890368598960378	0.05360211913511423	4.407527522362921
NETHERLANDS	44350	0.107	1.81e-05	0.1559595263420359	0.0344278605759985	0.0002201174281109	19.170104117522445	0.1342294137290682	0.3038791875592727	-0.3749630371174327	0.10470331549961479	0.05360211913511423	4.395149182876113
NETHERLANDS	44357	0.12	1.4599999999999999e-05	0.1850559302750046	0.0355294712761999	0.0003057719541686	13.92963900389761	0.1342294137290682	0.3038791875592727	-0.3749630371174327	0.11023207015376163	0.05360211913511423	1.3807562046725703
NETHERLANDS	44364	0.125	1.38e-05	0.2165964023203803	0.0363452925240275	0.0003995219149327	9.621737352628475	0.1342294137290682	0.3038791875592727	-0.3749630371174327	0.11594259365828988	0.05360211913511423	1.7041415207520165
NETHERLANDS	44371	0.118	1.2499999999999999e-05	0.2520026823228382	0.0369277764933731	0.0005024628157988	6.067922297519597	0.1342294137290682	0.3038791875592727	-0.3749630371174327	0.12210685308001705	0.05360211913511423	4.051302734789513
NETHERLANDS	44378	0.119	1.45e-05	0.2895715925303022	0.0373187451386324	0.000646714366715	4.41475484848566	0.1342294137290682	0.3038791875592727	-0.3749630371174327	0.12844627471273948	0.05360211913511423	1.5747732504248413
NETHERLANDS	44385	0.123	2.5499999999999996e-05	0.3257999057770243	0.0375976230164679	0.0012807080413169	8.916273328498638	0.1342294137290682	0.3038791875592727	-0.3749630371174327	0.1340315017497546	0.05360211913511423	1.9833200519533407
NY	44325	0.067	4.47e-05	0.3325645185302008	0.0042032034969166	2.587040599494845e-05	9.49272988021681	0.1342294137290682	0.3038791875592727	-0.3749630371174327	0.08033505362947037	0.022514878800236764	2.0997510766136678
NY	44332	0.072	3.38e-05	0.369868874141416	0.0045012123780897	3.5508136913310895e-05	7.447559306852758	0.1342294137290682	0.3038791875592727	-0.3749630371174327	0.08668543543817277	0.022514878800236764	1.0383198651137366
NY	44339	0.079	2.8899999999999998e-05	0.4045830530788429	0.0047513116105241	4.5242262841941386e-05	5.663263692259822	0.1342294137290682	0.3038791875592727	-0.3749630371174327	0.09257390899387395	0.022514878800236764	1.1191622912291335
NY	44346	0.091	2.53e-05	0.4363232834220346	0.0049486017757812	5.522685655634044e-05	4.152961037211115	0.1342294137290682	0.3038791875592727	-0.3749630371174327	0.09793354555632824	0.022514878800236764	3.423334429695724
NY	44353	0.11	2.7400000000000002e-05	0.4652078913278292	0.0051003267735202	6.816033489679084e-05	2.7815111827986483	0.1342294137290682	0.3038791875592727	-0.3749630371174327	0.10278672769269952	0.022514878800236764	3.384069009531765
NY	44360	0.128	3.22e-05	0.4990711603919647	0.0052191909939068	8.56694554039341e-05	1.8135017295217737	0.1342294137290682	0.3038791875592727	-0.3749630371174327	0.1084303076158352	0.022514878800236764	-1.693950021038674
NY	44367	0.14	4.2800000000000004e-05	0.5331486228815168	0.005308387797039	0.0001072052159228	1.225666789216845	0.1342294137290682	0.3038791875592727	-0.3749630371174327	0.11408332597634215	0.022514878800236764	-3.736111095803121
USA	44323	0.07	1.01e-05	0.3274750584609422	0.0068135633389599	5.371847048301173e-05	15.35953280385255	0.1342294137290682	0.3038791875592727	-0.3749630371174327	0.07986826028002689	0.020966535657064092	0.01163017472731287
USA	44330	0.079	9.7e-06	0.3604265822199501	0.0073969794340772	6.819390401324499e-05	12.802364124851854	0.1342294137290682	0.3038791875592727	-0.3749630371174327	0.0857106742544138	0.020966535657064092	2.5314574654530975
USA	44337	0.09	9.5e-06	0.392226517402676	0.0079091455173946	8.739376064216166e-05	10.414773228321888	0.1342294137290682	0.3038791875592727	-0.3749630371174327	0.091306214144393	0.020966535657064092	4.773371089052516
USA	44344	0.099	9.4e-06	0.4210700586993606	0.0083410526217716	0.0001161203395661	8.32374445141526	0.1342294137290682	0.3038791875592727	-0.3749630371174327	0.09634683143595824	0.020966535657064092	4.494030867670364
USA	44351	0.106	9.299999999999999e-06	0.4481370032032837	0.0086682455488638	0.0001535016227081	6.253877227559842	0.1342294137290682	0.3038791875592727	-0.3749630371174327	0.10100920932509955	0.020966535657064092	3.534670214478865
USA	44358	0.111	9.299999999999999e-06	0.4772446218650484	0.0089471425310233	0.0002166159116578	5.135213552991596	0.1342294137290682	0.3038791875592727	-0.3749630371174327	0.10594768763352702	0.020966535657064092	3.5014514678260413
USA	44365	0.114	9.2e-06	0.5042150608238471	0.0091672638240257	0.0003010733789065	4.152410353158114	0.1342294137290682	0.3038791875592727	-0.3749630371174327	0.11047116099302122	0.020966535657064092	4.2024375723817595
USA	44372	0.115	9.299999999999999e-06	0.5282091885482946	0.0093349099968704	0.0004180843691901	3.912739619594395	0.1342294137290682	0.3038791875592727	-0.3749630371174327	0.11443596614079302	0.020966535657064092	4.856705556755283
CANADA	44309	0.063	1.84e-05	0.0240892474924845	0.0036321326124967	6.0213267944909344e-05	22.11928455337176	0.1342294137290682	0.3038791875592727	-0.3749630371174327	0.050436454917800445	0.04382310049878101	0.2434385593270436
CANADA	44316	0.048	1.34e-05	0.0270787271112648	0.0043934940684661	0.0001029307739807	21.75953275925581	0.1342294137290682	0.3038791875592727	-0.3749630371174327	0.051456153582296986	0.04382310049878101	4.245480527208573
CANADA	44323	0.042	1.17e-05	0.030410618508894	0.0051664185200928	0.0001602080012825	20.669507151600357	0.1342294137290682	0.3038791875592727	-0.3749630371174327	0.052527416029078566	0.04382310049878101	0.02284761336705099
CANADA	44330	0.045	1.09e-05	0.0343228778880619	0.0058771841788607	0.0002268136256912	18.916324622261268	0.1342294137290682	0.3038791875592727	-0.3749630371174327	0.05363928345932274	0.04382310049878101	1.3707097231540644
CANADA	44337	0.047	1.06e-05	0.0393583467842978	0.0064621419502432	0.0002940548606141	15.930213983624474	0.1342294137290682	0.3038791875592727	-0.3749630371174327	0.054841641068567135	0.04382310049878101	1.9078550919996466
CANADA	44344	0.05	1.05e-05	0.0459451314809069	0.0069180855468149	0.0003531536925271	11.93367232923959	0.1342294137290682	0.3038791875592727	-0.3749630371174327	0.056210600153624335	0.04382310049878101	2.9763884377576977
CANADA	44351	0.052	1.06e-05	0.0587214786153148	0.0072882551450735	0.0004108921221102	8.284930145763443	0.1342294137290682	0.3038791875592727	-0.3749630371174327	0.05853521364918982	0.04382310049878101	2.793813450852558
CANADA	44358	0.06	1.13e-05	0.0842160893947197	0.0075857719052519	0.0004675150879879	5.510020998524401	0.1342294137290682	0.3038791875592727	-0.3749630371174327	0.06289912196586044	0.04382310049878101	4.404516791195552
CANADA	44365	0.079	1.2499999999999999e-05	0.1256498576306423	0.0078324215551101	0.0005246734855691	3.84733463061135	0.1342294137290682	0.3038791875592727	-0.3749630371174327	0.06984693222449243	0.04382310049878101	1.3748064355019283
CANADA	44372	0.098	1.42e-05	0.1762831908144962	0.0080297397114188	0.0005770159830775	2.6727233510279382	0.1342294137290682	0.3038791875592727	-0.3749630371174327	0.07827591986886598	0.04382310049878101	-9.036372441434454
CANADA	44379	0.111	1.66e-05	0.2384925833151499	0.0081840888589766	0.0006261266336743	1.9106642384099173	0.1342294137290682	0.3038791875592727	-0.3749630371174327	0.08858034542818569	0.04382310049878101	-10.555671081406027
SPAIN	44330	0.069	3.13e-05	0.1247020066090566	0.0171741252134824	6.31264034227963e-05	14.566411947525491	0.1342294137290682	0.3038791875592727	-0.3749630371174327	0.060349912747402756	0.027099158030211647	3.071735980110714
SPAIN	44337	0.065	2.03e-05	0.1429351694427175	0.0177897043853124	9.145787137456354e-05	12.020054845832233	0.1342294137290682	0.3038791875592727	-0.3749630371174327	0.06378210778343538	0.027099158030211647	4.446972769473576
SPAIN	44344	0.076	1.61e-05	0.1630879662971104	0.0183266335471777	0.000131008389479	10.829986412939713	0.1342294137290682	0.3038791875592727	-0.3749630371174327	0.0674612196420363	0.027099158030211647	2.3350974824050317
SPAIN	44351	0.083	1.4e-05	0.1912544636564115	0.0187851618913407	0.0001830781824452	9.967010310425168	0.1342294137290682	0.3038791875592727	-0.3749630371174327	0.07238882502805477	0.027099158030211647	0.6479654279256586
SPAIN	44358	0.087	1.24e-05	0.2255484366323019	0.0192403372929803	0.0002732898333443	10.391117926497326	0.1342294137290682	0.3038791875592727	-0.3749630371174327	0.07828695740649998	0.027099158030211647	1.6687946693048104
SPAIN	44365	0.091	1.19e-05	0.258257658565183	0.0194854427152227	0.0003739738536392	9.496587789495695	0.1342294137290682	0.3038791875592727	-0.3749630371174327	0.0837582623363875	0.027099158030211647	2.5470700504000763
SPAIN	44372	0.095	1.1799999999999999e-05	0.2969701396699454	0.0196146729829503	0.0005553674885712	9.036433700128129	0.1342294137290682	0.3038791875592727	-0.3749630371174327	0.09005671455247496	0.027099158030211647	3.719340242087722
SPAIN	44379	0.095	1.2299999999999999e-05	0.34411076023004	0.0197136927880541	0.0009902761232272	10.724948915087792	0.1342294137290682	0.3038791875592727	-0.3749630371174327	0.09748622945960782	0.027099158030211647	4.482743255815036
SPAIN	44386	0.083	1.3599999999999999e-05	0.3937170084708942	0.0198478046087916	0.0020774723296374	19.226568471367045	0.1342294137290682	0.3038791875592727	-0.3749630371174327	0.10474797696829509	0.027099158030211647	-12.704986614324925
SPAIN	44393	0.082	1.87e-05	0.4427295632513776	0.0199612714935795	0.0040844420304131	33.98840150705492	0.1342294137290682	0.3038791875592727	-0.3749630371174327	0.11105126490541724	0.027099158030211647	-18.041648026974393
FINLAND	44327	0.067	4.2000000000000004e-05	0.0371206205528839	0.0056562357070119	4.613723151980549e-05	3.772285184759968	0.1342294137290682	0.3038791875592727	-0.3749630371174327	0.0842836725858677	0.07400572558654607	0.5637279121658443
FINLAND	44334	0.065	2.8599999999999997e-05	0.0472719622331126	0.0059104707789223	8.04427548600288e-05	3.7272268332936513	0.1342294137290682	0.3038791875592727	-0.3749630371174327	0.08611160304554444	0.07400572558654607	-3.4798408640557383
FINLAND	44341	0.078	2.05e-05	0.0602347658023642	0.006133444109307	0.0001243301700933	3.5325747549591666	0.1342294137290682	0.3038791875592727	-0.3749630371174327	0.08836997673419708	0.07400572558654607	1.8557648522714114
FINLAND	44348	0.089	1.95e-05	0.0754656359460821	0.006294856927467	0.0001633596593606	2.990072203304724	0.1342294137290682	0.3038791875592727	-0.3749630371174327	0.09096009789442445	0.07400572558654607	4.405097108999609
FINLAND	44355	0.103	2.37e-05	0.0925845342598392	0.0064164868829384	0.0002044407889221	2.318702766456617	0.1342294137290682	0.3038791875592727	-0.3749630371174327	0.09382931446136498	0.07400572558654607	2.631786537138793
FINLAND	44362	0.123	3.72e-05	0.1107682963891039	0.0064880154676563	0.0002551634358056	1.7365488655118149	0.1342294137290682	0.3038791875592727	-0.3749630371174327	0.09682753826623196	0.07400572558654607	-5.0262966833238085
FINLAND	44369	0.13	4.52e-05	0.1297909956978929	0.0065191159987575	0.0003236101463081	1.5049489389749513	0.1342294137290682	0.3038791875592727	-0.3749630371174327	0.09991737681344706	0.07400572558654607	-5.9273979235723
CA	44307	0.053	3.42e-05	0.2078975973231493	0.0018432279671802	1.8155946542990995e-05	6.546450001053411	0.1342294137290682	0.3038791875592727	-0.3749630371174327	0.053461612206182445	0.01790229636955451	4.219588633847035
CA	44314	0.042	1.93e-05	0.2399924612960497	0.0020229647040049	2.6712952133043945e-05	5.896319619624787	0.1342294137290682	0.3038791875592727	-0.3749630371174327	0.05886782915368488	0.01790229636955451	-2.8623150860614137
CA	44321	0.047	1.4599999999999999e-05	0.2721251817400951	0.0021977799436952	3.662873749571663e-05	4.784104738343956	0.1342294137290682	0.3038791875592727	-0.3749630371174327	0.06427535924708207	0.01790229636955451	-5.572174741721593
CA	44328	0.058	1.31e-05	0.3097883223978341	0.0023681360033029	4.7643645536466015e-05	4.218702494545594	0.1342294137290682	0.3038791875592727	-0.3749630371174327	0.07058841342975493	0.01790229636955451	-1.3458921433121267
CA	44335	0.069	1.26e-05	0.3458867581870501	0.0025174043642838	5.982216295108002e-05	3.960091984912928	0.1342294137290682	0.3038791875592727	-0.3749630371174327	0.07662726709337031	0.01790229636955451	2.4134285247666254
CA	44342	0.083	1.22e-05	0.3798092676329537	0.0026456779922915	7.621576027328821e-05	3.4828322962314218	0.1342294137290682	0.3038791875592727	-0.3749630371174327	0.0822886275456327	0.01790229636955451	4.717358984299967
CA	44349	0.093	1.2e-05	0.4081429595908261	0.0027860650218718	0.0001132998595827	3.322734054082299	0.1342294137290682	0.3038791875592727	-0.3749630371174327	0.087020530225951	0.01790229636955451	3.256610971768235
CA	44356	0.105	1.1799999999999999e-05	0.4396736399600022	0.0028713655552072	0.000152852068485	2.9925472371380986	0.1342294137290682	0.3038791875592727	-0.3749630371174327	0.092235093913286	0.01790229636955451	-2.1495901132900332
CA	44363	0.11	1.17e-05	0.4712622126587733	0.0029402846588473	0.0002100307935048	2.7051038687297604	0.1342294137290682	0.3038791875592727	-0.3749630371174327	0.09743077806240115	0.01790229636955451	-1.9924879365182457
CA	44370	0.113	1.19e-05	0.4992570141009121	0.0029921061879748	0.0002913608202621	2.369605735695304	0.1342294137290682	0.3038791875592727	-0.3749630371174327	0.1020002860577686	0.01790229636955451	-0.33322164801740506
NORWAY	44339	0.071	3.67e-05	0.1248342225561829	0.0104635959741278	5.36608593727732e-05	7.741103539958528	0.1342294137290682	0.3038791875592727	-0.3749630371174327	0.07431920792964697	0.04603667207237389	4.0373310756009975
NORWAY	44346	0.076	3.01e-05	0.155851086141355	0.0108052217102255	7.592795064460341e-05	7.137330396922293	0.1342294137290682	0.3038791875592727	-0.3749630371174327	0.07965606342802779	0.04603667207237389	4.064514296282734
NORWAY	44353	0.08	2.9100000000000003e-05	0.1837678360508229	0.0110915257762118	0.0001072524483971	6.693648617569909	0.1342294137290682	0.3038791875592727	-0.3749630371174327	0.08443335893927582	0.04603667207237389	3.9657385266534
NORWAY	44360	0.088	2.54e-05	0.2111406716327638	0.0113345620531127	0.0001538797043851	4.934473232632511	0.1342294137290682	0.3038791875592727	-0.3749630371174327	0.08907487486908561	0.04603667207237389	4.348698930729947
NORWAY	44367	0.086	1.89e-05	0.2332802106872757	0.0115407653911682	0.0002250784713678	3.8577444608845566	0.1342294137290682	0.3038791875592727	-0.3749630371174327	0.09280539543969286	0.04603667207237389	3.294013374940631
NORWAY	44374	0.092	1.84e-05	0.2542682384081318	0.0116664125367057	0.0003193263098739	3.221953045111551	0.1342294137290682	0.3038791875592727	-0.3749630371174327	0.0962652794049878	0.04603667207237389	4.038277054703334
NORWAY	44381	0.108	2.3599999999999998e-05	0.2695003068860919	0.0117169744183268	0.0004417107233589	3.3591742139834224	0.1342294137290682	0.3038791875592727	-0.3749630371174327	0.09869640940298458	0.04603667207237389	2.5743629237262198
NORWAY	44388	0.123	3.63e-05	0.2849616379737812	0.0117063761508627	0.0006222287413845	3.34087805813384	0.1342294137290682	0.3038791875592727	-0.3749630371174327	0.10106626578110087	0.04603667207237389	-2.4336581962808967
ENGLAND	44311	0.127	1.16e-05	0.1354518463771087	0.0347438670831918	2.690757700234572e-05	3.7492484526967287	0.1342294137290682	0.3038791875592727	-0.3749630371174327	0.0963135213659999	0.0481732345487308	-35.82547765478495
ENGLAND	44318	0.118	9.999999999999999e-06	0.1670962496175925	0.0348203211095807	5.564297278653973e-05	3.3165340406719714	0.1342294137290682	0.3038791875592727	-0.3749630371174327	0.10155014704859718	0.0481732345487308	-8.69235890685836
ENGLAND	44325	0.111	9.4e-06	0.1993364935048089	0.0347350383487236	0.0001077849405832	3.2383731211317417	0.1342294137290682	0.3038791875592727	-0.3749630371174327	0.10674280771584344	0.0481732345487308	3.9044360424010702
ENGLAND	44332	0.103	9.299999999999999e-06	0.2343656779147389	0.0344881853572915	0.0001941638086032	3.116268788682582	0.1342294137290682	0.3038791875592727	-0.3749630371174327	0.11224247808807655	0.0481732345487308	0.28115356674219605
ENGLAND	44339	0.101	9.4e-06	0.2724286143929188	0.0340835824956587	0.0003301136390305	3.339610963748894	0.1342294137290682	0.3038791875592727	-0.3749630371174327	0.1180781856914016	0.0481732345487308	-10.64560333875383
ENGLAND	44346	0.105	9.9e-06	0.3129376854101199	0.0335416096290731	0.0005542452123052	3.883908045977011	0.1342294137290682	0.3038791875592727	-0.3749630371174327	0.12413294856569662	0.0481732345487308	-13.645820371055056
