country	FLAI_time	t1	t2	s_hat	s_var	alpha_count_t1	alpha_count_t2	wt_count_t1	wt_count_t2	tmin	tmax	x_wt	x_alpha	x_voc
GERMANY	44197	12/18/2020	01/17/2021	0.072	9.02e-05	14	499	676.0	2846.0	44175	44297	0.9266601281122904	0.06565682638513788	0.0076830455025717476
GERMANY	44204	12/25/2020	01/24/2021	0.068	5.81e-05	22	1016	604.0	3693.0	44175	44297	0.8976543310036464	0.0971392648417731	0.005206404154580457
GERMANY	44211	01/01/2021	01/31/2021	0.069	2.25e-05	55	2004	794.0	3645.0	44175	44297	0.8718665454520294	0.12451966836893039	0.0036137861790402626
GERMANY	44218	01/08/2021	02/07/2021	0.085	8.4e-06	160	3579	1397.0	2441.0	44175	44297	0.8272288768189613	0.16856306226395437	0.004208060917084339
GERMANY	44225	01/15/2021	02/14/2021	0.123	4.8e-06	398	5238	2511.0	817.0	44175	44297	0.7475628218947962	0.2456349785707173	0.006802199534486519
JAPAN	44222	01/12/2021	02/11/2021	0.065	2.35e-05	66	167	6367.0	2284.0	44207	44333	0.9537517950377773	0.030836705495062674	0.015411499467160032
JAPAN	44229	01/19/2021	02/18/2021	0.059	1.72e-05	107	192	5823.0	1799.0	44207	44333	0.9392192784136228	0.045752078557259504	0.015028643029117647
JAPAN	44236	01/26/2021	02/25/2021	0.056	1.25e-05	144	277	4639.0	1670.0	44207	44333	0.9252653216846356	0.06053629673932371	0.01419838157604069
JAPAN	44243	02/02/2021	03/04/2021	0.059	1e-05	166	469	3431.0	1674.0	44207	44333	0.8998922029408739	0.08245389792422583	0.01765389913490026
JAPAN	44250	02/09/2021	03/11/2021	0.069	9.5e-06	166	858	2496.0	1622.0	44207	44333	0.8613143402938201	0.11630540404707387	0.02238025565910598
JAPAN	44257	02/16/2021	03/18/2021	0.097	8.5e-06	180	1720	1899.0	986.0	44207	44333	0.8074949278016189	0.1661808020509141	0.026324270147466994
TX	44223	01/13/2021	02/12/2021	0.103	2.15e-05	62	575	5260.0	2206.0	44208	44306	0.864089271965875	0.07982651788736761	0.05608421014675735
TX	44230	01/20/2021	02/19/2021	0.086	9.2e-06	145	884	4148.0	1956.0	44208	44306	0.8300468099483393	0.11630755108784094	0.053645638963819714
TX	44237	01/27/2021	02/26/2021	0.081	6.3e-06	284	1280	3110.0	1245.0	44208	44306	0.7923602690277378	0.15403037983537354	0.05360935113688864
TX	44244	02/03/2021	03/05/2021	0.114	7.6e-06	364	1722	2344.0	365.0	44208	44306	0.7306557709569939	0.2147990677695094	0.054545161273496734
SWITZERLAND	44192	12/13/2020	01/12/2021	0.087	5.79e-05	23	485	2146.0	3421.0	44177	44282	0.9528546223266217	0.04432759810916844	0.0028177795642099004
SWITZERLAND	44199	12/20/2020	01/19/2021	0.084	2.06e-05	61	772	2687.0	2750.0	44177	44282	0.9283981067731336	0.06809423507565296	0.0035076581512134275
SWITZERLAND	44206	12/27/2020	01/26/2021	0.088	9.9e-06	144	1098	3246.0	1767.0	44177	44282	0.8920943743646523	0.10301064645335475	0.0048949791819929145
SWITZERLAND	44213	01/03/2021	02/02/2021	0.105	6.8e-06	263	1342	3546.0	771.0	44177	44282	0.8241464941115058	0.1665635457376569	0.009289960150837356
NETHERLANDS	44188	12/09/2020	01/08/2021	0.099	0.0001288	11	267	949.0	1241.0	44173	44294	0.9385306873868247	0.055401586529767226	0.006067726083408116
NETHERLANDS	44195	12/16/2020	01/15/2021	0.081	4.18e-05	31	388	1156.0	1290.0	44173	44294	0.8863721664389065	0.09924746343553459	0.014380370125558928
NETHERLANDS	44202	12/23/2020	01/22/2021	0.069	1.92e-05	71	546	1267.0	1240.0	44173	44294	0.832689772065413	0.14175699054616883	0.02555323738841822
NETHERLANDS	44209	12/30/2020	01/29/2021	0.056	1.14e-05	151	708	1316.0	1157.0	44173	44294	0.7945424510065776	0.17752211082232988	0.027935438171092508
NETHERLANDS	44216	01/06/2021	02/05/2021	0.06	8.2e-06	242	932	1249.0	801.0	44173	44294	0.7492104834106904	0.22150124406346303	0.029288272525846565
NETHERLANDS	44223	01/13/2021	02/12/2021	0.128	1.61e-05	348	1313	1276.0	103.0	44173	44294	0.7084485588750666	0.26155536711019417	0.029996074014739194
NY	44214	01/04/2021	02/03/2021	0.062	3.17e-05	44	235	4021.0	3391.0	44199	44326	0.9181992748501117	0.018245028964216925	0.06355569618567142
NY	44221	01/11/2021	02/10/2021	0.067	2.38e-05	57	360	3970.0	3400.0	44199	44326	0.8917089678247025	0.0332508461975779	0.07504018597771955
NY	44228	01/18/2021	02/17/2021	0.07	1.95e-05	68	521	3578.0	3369.0	44199	44326	0.8668057658481885	0.053142587123505426	0.08005164702830611
NY	44235	01/25/2021	02/24/2021	0.061	1.12e-05	117	675	3330.0	3108.0	44199	44326	0.8403427082527622	0.0762209272892295	0.08343636445800826
NY	44242	02/01/2021	03/03/2021	0.053	7.2e-06	205	868	3362.0	2920.0	44199	44326	0.808865067250979	0.10400764650586701	0.08712728624315404
NY	44249	02/08/2021	03/10/2021	0.052	5.3e-06	320	1176	3420.0	2627.0	44199	44326	0.7808874754715455	0.13434374166260846	0.08476878286584608
NY	44256	02/15/2021	03/17/2021	0.055	3.9e-06	474	1658	3382.0	2265.0	44199	44326	0.7536218256722385	0.16657367444889798	0.07980449987886357
NY	44263	02/22/2021	03/24/2021	0.062	3.5e-06	631	2177	3191.0	1724.0	44199	44326	0.7177519148479916	0.21181995665031841	0.07042812850168997
NY	44270	03/01/2021	03/31/2021	0.071	3.1e-06	805	2632	2974.0	1155.0	44199	44326	0.6676988229279638	0.27096911264454027	0.06133206442749595
NY	44277	03/08/2021	04/07/2021	0.079	4e-06	1070	2707	2730.0	648.0	44199	44326	0.6124868105843161	0.32928485976082067	0.05822832965486324
NY	44284	03/15/2021	04/14/2021	0.097	7.6e-06	1506	2403	2369.0	207.0	44199	44326	0.5630858435560393	0.38185008517065305	0.055064071273307647
USA	44212	01/02/2021	02/01/2021	0.064	3.7e-06	353	2015	28443.0	23978.0	44197	44310	0.774926389670736	0.020220813342486085	0.20485279698677789
USA	44219	01/09/2021	02/08/2021	0.068	2.4e-06	536	2856	32247.0	22331.0	44197	44310	0.7498656598253788	0.03329488618151719	0.21683945399310403
USA	44226	01/16/2021	02/15/2021	0.071	1.8e-06	779	4233	31296.0	20170.0	44197	44310	0.7332506637403049	0.05348481891465718	0.21326451734503793
USA	44233	01/23/2021	02/22/2021	0.072	1.3e-06	1197	6354	27913.0	17051.0	44197	44310	0.71003657190105	0.07623260287875334	0.2137308252201967
USA	44240	01/30/2021	03/01/2021	0.078	9e-07	1813	9782	24695.0	12690.0	44197	44310	0.6775912159353454	0.11052601165588159	0.21188277240877296
USA	44247	02/06/2021	03/08/2021	0.095	7e-07	2579	14967	22757.0	7623.0	44197	44310	0.634024711685986	0.16094852840999818	0.20502675990401587
USA	44254	02/13/2021	03/15/2021	0.151	1.3e-06	3781	21901	20885.0	1320.0	44197	44310	0.5705419702275976	0.23262254368074411	0.19683548609165832
CANADA	44221	01/11/2021	02/10/2021	0.084	2.03e-05	62	488	5764.0	3678.0	44206	44310	0.9572037839020152	0.026389751233878146	0.01640646486410664
CANADA	44228	01/18/2021	02/17/2021	0.091	1.37e-05	94	868	5693.0	3465.0	44206	44310	0.9308879868821932	0.05277188613005372	0.01634012698775307
CANADA	44235	01/25/2021	02/24/2021	0.098	1.05e-05	127	1447	4950.0	2990.0	44206	44310	0.8869189666068397	0.09561394598798334	0.017467087405176995
CANADA	44242	02/01/2021	03/03/2021	0.102	6.2e-06	226	2346	4204.0	2039.0	44206	44310	0.8254736011807603	0.15446926047679327	0.020057138342446434
CANADA	44249	02/08/2021	03/10/2021	0.138	5.3e-06	413	3758	3770.0	540.0	44206	44310	0.7497291262426261	0.22748636300954644	0.022784510747827447
DENMARK	44193	12/14/2020	01/13/2021	0.082	1.23e-05	113	1046	10405.0	8332.0	44178	44329	0.9662500260445787	0.03311173255802507	0.0006382413973962733
DENMARK	44200	12/21/2020	01/20/2021	0.085	7.4e-06	188	1418	10593.0	6227.0	44178	44329	0.9420026971668837	0.05703483611506599	0.0009624667180503366
DENMARK	44207	12/28/2020	01/27/2021	0.091	4.4e-06	330	1858	10192.0	3751.0	44178	44329	0.9046356513955206	0.09394649969086366	0.001417848913615738
DENMARK	44214	01/04/2021	02/03/2021	0.115	3.4e-06	582	2574	9882.0	1365.0	44178	44329	0.8513736484075831	0.14650128489995773	0.0021250666924591544
SPAIN	44188	12/09/2020	01/08/2021	0.138	0.0001402	10	545	886.0	830.0	44173	44289	0.87079348374891	0.12190676702808645	0.007299749223003582
SPAIN	44195	12/16/2020	01/15/2021	0.084	2.61e-05	50	713	971.0	1135.0	44173	44289	0.7797236780065818	0.21441515689905657	0.005861165094361603
SPAIN	44202	12/23/2020	01/22/2021	0.049	1.2e-05	129	874	911.0	1439.0	44173	44289	0.7123645810195682	0.2795965152742203	0.008038903706211464
SPAIN	44209	12/30/2020	01/29/2021	0.024	8.6e-06	260	960	774.0	1381.0	44173	44289	0.7122997081629681	0.2776290528198094	0.010071239017222566
SPAIN	44216	01/06/2021	02/05/2021	0.02	6e-06	484	1098	777.0	960.0	44173	44289	0.717784934725211	0.2703069535354685	0.011908111739320493
SPAIN	44223	01/13/2021	02/12/2021	0.056	6.9e-06	667	1286	1034.0	371.0	44173	44289	0.700676005178777	0.28269643245130127	0.01662756236992169
CA	44208	12/29/2020	01/28/2021	0.039	1.71e-05	90	277	5109.0	4985.0	44193	44308	0.5303029005249897	0.011578397686354137	0.4581187017886561
CA	44215	01/05/2021	02/04/2021	0.05	1.19e-05	127	388	6108.0	4161.0	44193	44308	0.506069109324887	0.014589228075519114	0.4793416625995939
CA	44222	01/12/2021	02/11/2021	0.064	9.8e-06	150	536	6843.0	3590.0	44193	44308	0.47926068324830406	0.023349704781540623	0.4973896119701553
CA	44229	01/19/2021	02/18/2021	0.076	8.7e-06	173	681	6221.0	2526.0	44193	44308	0.46018688434365884	0.037149951781775825	0.5026631638745653
CA	44236	01/26/2021	02/25/2021	0.08	6.5e-06	250	873	5332.0	1686.0	44193	44308	0.4366995334240319	0.05314507243029885	0.5101553941456692
CA	44243	02/02/2021	03/04/2021	0.087	5.3e-06	353	1134	4299.0	1014.0	44193	44308	0.3949310219210944	0.0783069772382904	0.5267620008406152
CA	44250	02/09/2021	03/11/2021	0.105	5.3e-06	492	1503	3823.0	506.0	44193	44308	0.35045305438302177	0.11185767284884167	0.5376892727681366
