country	FLAI_time	t1	t2	s_hat	s_var	vaccinated	vac_cor	recovered	boosted	delta_recov	omi_recov	omi_count_t1	omi_count_t2	delta_count_t1	delta_count_t2	av_cases	x_delta	x_omi
INDIA	44536	11/22/2021	12/22/2021	0.161	5.93e-05	0.347	0.347	0.014	0.0	0.014	0.0	21	2794	1864	2040	5.73	0.8801677189713242	0.11983228102406585
INDIA	44543	11/29/2021	12/29/2021	0.146	1.79e-05	0.372	0.372	0.014	0.0	0.014	0.0	78	3957	2250	1460	5.46	0.6784341703959973	0.3215646686993166
INDIA	44550	12/06/2021	01/05/2022	0.128	6.2e-06	0.397	0.397	0.014	0.0	0.014	0.0	279	4196	2495	821	9.01	0.4501356810699081	0.549784143389714
INDIA	44557	12/13/2021	01/12/2022	0.113	6.3e-06	0.418	0.418	0.014	0.0	0.014	0.0	1006	3612	2495	304	32.84	0.2870604548379671	0.7127620260850043
INDIA	44564	12/20/2021	01/19/2022	0.115	1.34e-05	0.438	0.438	0.014	0.001	0.014	0.0	2374	3037	2189	89	75.46	0.1778044150644743	0.8220007996453499
ITALY	44546	12/02/2021	01/01/2022	0.165	2.47e-05	0.736	0.5	0.018	0.229	0.018	0.001	51	2511	4552	1598	597.49	0.8054409273205785	0.19404356847356974
ITALY	44553	12/09/2021	01/08/2022	0.137	6.1e-06	0.739	0.455	0.021	0.276	0.021	0.003	279	2863	4662	796	1066.52	0.5970171036247002	0.4025783984983905
ITALY	44560	12/16/2021	01/15/2022	0.115	4.5e-06	0.742	0.416	0.024	0.325	0.024	0.009	851	2614	4199	412	1697.62	0.41839516370331803	0.5813566208013202
ITALY	44567	12/23/2021	01/22/2022	0.102	7.1e-06	0.746	0.373	0.028	0.375	0.028	0.019	1765	2638	2933	206	2281.24	0.23310566350904954	0.7668463663476217
ITALY	44574	12/30/2021	01/29/2022	0.093	1.04e-05	0.75	0.316	0.032	0.428	0.032	0.033	2392	2422	1931	121	2666.73	0.14821864893742073	0.8517812438072596
ITALY	44581	01/06/2022	02/05/2022	0.08	2.02e-05	0.756	0.265	0.034	0.48	0.034	0.048	2805	2041	944	64	2591.66	0.07793189958154395	0.92206810041845
ITALY	44588	01/13/2022	02/12/2022	0.067	3.12e-05	0.762	0.222	0.036	0.527	0.036	0.064	2718	1579	516	40	2219.76	0.05081225449749618	0.9491877448881987
ITALY	44595	01/20/2022	02/19/2022	0.057	7.25e-05	0.768	0.192	0.037	0.563	0.037	0.077	2590	1124	239	19	1743.6	0.03250586140580085	0.9674812677891947
BELGIUM	44541	11/27/2021	12/27/2021	0.154	2.22e-05	0.754	0.517	0.069	0.243	0.069	0.001	57	1703	5002	1471	964.2	0.8504514436963706	0.14950261139759732
BELGIUM	44548	12/04/2021	01/03/2022	0.125	6.2e-06	0.756	0.459	0.075	0.294	0.075	0.003	267	1797	4696	745	796.27	0.6937668980633329	0.3058072835365897
BELGIUM	44555	12/11/2021	01/10/2022	0.119	5.8e-06	0.758	0.407	0.079	0.345	0.079	0.005	615	1864	3945	340	865.16	0.4891003242531242	0.5100275661379279
BELGIUM	44562	12/18/2021	01/17/2022	0.123	1.13e-05	0.759	0.382	0.081	0.398	0.081	0.01	1101	1814	2860	117	1205.18	0.31623594580203485	0.682631899910103
BELGIUM	44569	12/25/2021	01/24/2022	0.131	2.71e-05	0.76	0.311	0.083	0.447	0.083	0.019	1631	2104	1743	45	1888.78	0.1709912511050854	0.8281037231453019
GERMANY	44544	11/30/2021	12/30/2021	0.145	5.7e-06	0.706	0.424	0.033	0.27	0.033	0.001	213	8603	17781	9450	506.69	0.896259080619623	0.10374091938030941
GERMANY	44551	12/07/2021	01/06/2022	0.136	1.9e-06	0.712	0.356	0.036	0.326	0.036	0.001	685	12783	18421	5837	441.54	0.7481893117205659	0.2518106882793284
GERMANY	44558	12/14/2021	01/13/2022	0.131	1.1e-06	0.718	0.333	0.038	0.374	0.038	0.002	1738	16547	17734	3338	449.03	0.5544600577650025	0.4455399422350227
GERMANY	44565	12/21/2021	01/20/2022	0.125	1.1e-06	0.724	0.313	0.039	0.414	0.039	0.004	4381	20822	14901	1647	547.17	0.34042194620887367	0.6595780537911005
GERMANY	44572	12/28/2021	01/27/2022	0.13	1.7e-06	0.73	0.278	0.04	0.447	0.04	0.008	7582	26693	10682	769	806.71	0.1855336025721043	0.8144663974277414
GERMANY	44579	01/04/2022	02/03/2022	0.134	3.3e-06	0.737	0.248	0.041	0.48	0.041	0.014	11520	31638	6739	333	1183.46	0.08358543681713579	0.9164145631827461
TX	44537	11/23/2021	12/23/2021	0.217	2.71e-05	0.554	0.438	0.045	0.116	0.045	0.001	45	11250	3458	1300	173.33	0.44533143525778107	0.5544248718354193
TX	44544	11/30/2021	12/30/2021	0.15	4.3e-06	0.56	0.429	0.045	0.13	0.045	0.002	520	12795	2787	765	269.4	0.2135094802419658	0.7862869381106204
TX	44551	12/07/2021	01/06/2022	0.118	4.1e-06	0.565	0.419	0.046	0.143	0.046	0.004	2460	12378	2368	346	572.81	0.11211877777245563	0.887785183302765
TX	44558	12/14/2021	01/13/2022	0.107	8.8e-06	0.569	0.411	0.046	0.156	0.046	0.009	6227	10987	1945	141	968.79	0.06226957786578643	0.9376623148324643
FRANCE	44544	11/30/2021	12/30/2021	0.16	1.09e-05	0.718	0.485	0.037	0.226	0.037	0.001	122	4623	10238	3187	942.42	0.8238084290993476	0.17276483628815842
FRANCE	44551	12/07/2021	01/06/2022	0.14	3.2e-06	0.725	0.432	0.042	0.273	0.042	0.004	456	5449	9765	1733	1480.07	0.6321089601110568	0.36501097880439987
FRANCE	44558	12/14/2021	01/13/2022	0.129	2.8e-06	0.733	0.409	0.048	0.32	0.048	0.012	1420	5818	8091	691	2306.99	0.43401408523111706	0.5645762589078874
FRANCE	44565	12/21/2021	01/20/2022	0.124	4.3e-06	0.741	0.382	0.053	0.362	0.053	0.025	2928	6627	5776	312	3233.1	0.26232008123130907	0.7367328021220753
FRANCE	44572	12/28/2021	01/27/2022	0.122	7.8e-06	0.748	0.339	0.058	0.4	0.058	0.046	4281	7378	3676	161	4247.22	0.12138356685343142	0.8780089865407328
FRANCE	44579	01/04/2022	02/03/2022	0.116	1.28e-05	0.755	0.309	0.061	0.435	0.061	0.074	5317	7758	2116	96	4727.39	0.05070339852300191	0.9491745190749121
SWITZERLAND	44542	11/28/2021	12/28/2021	0.154	1.85e-05	0.662	0.521	0.047	0.143	0.047	0.001	65	2066	6350	1991	1058.48	0.8969809070188756	0.1030188607237414
SWITZERLAND	44549	12/05/2021	01/04/2022	0.143	6.8e-06	0.665	0.473	0.053	0.184	0.053	0.003	232	2802	6040	1011	1248.46	0.7618720620788698	0.23812793792096917
SWITZERLAND	44556	12/12/2021	01/11/2022	0.137	4.9e-06	0.668	0.44	0.058	0.226	0.058	0.007	532	3252	5251	532	1663.53	0.5257829492817212	0.47421705071827147
SWITZERLAND	44563	12/19/2021	01/18/2022	0.127	6.1e-06	0.67	0.41	0.063	0.268	0.063	0.015	976	2999	3660	253	2136.52	0.29272417449507854	0.7072758255049368
SWITZERLAND	44570	12/26/2021	01/25/2022	0.112	1.13e-05	0.673	0.363	0.066	0.307	0.066	0.028	1829	2721	2336	122	2827.17	0.15343303878560388	0.8465669612143811
SWITZERLAND	44577	01/02/2022	02/01/2022	0.103	2.07e-05	0.675	0.324	0.069	0.342	0.069	0.047	2602	2693	1239	59	3395.96	0.0847445395028611	0.9152554604971319
SWITZERLAND	44584	01/09/2022	02/08/2022	0.097	3.83e-05	0.678	0.297	0.071	0.371	0.071	0.069	3186	2938	640	33	3633.58	0.04740000913039464	0.9525999908696029
NETHERLANDS	44537	11/23/2021	12/23/2021	0.138	2.9e-05	0.681	0.627	0.063	0.063	0.063	0.001	43	1606	3470	2083	1048.28	0.8707449447939266	0.12925505520607034
NETHERLANDS	44544	11/30/2021	12/30/2021	0.126	9.7e-06	0.684	0.588	0.069	0.107	0.069	0.002	149	2459	3508	1305	918.54	0.7742806908614819	0.22571930913851743
NETHERLANDS	44551	12/07/2021	01/06/2022	0.12	4.8e-06	0.686	0.526	0.073	0.17	0.073	0.004	452	3301	3424	676	889.78	0.5962634978562767	0.40373650214373263
NETHERLANDS	44558	12/14/2021	01/13/2022	0.13	6.5e-06	0.688	0.443	0.076	0.248	0.076	0.008	801	3810	3036	298	1089.39	0.3765020668409604	0.623497933159044
NETHERLANDS	44565	12/21/2021	01/20/2022	0.133	1.15e-05	0.689	0.343	0.078	0.328	0.078	0.014	1366	3823	2300	118	1404.25	0.19105029829375025	0.8089497017062509
NETHERLANDS	44572	12/28/2021	01/27/2022	0.136	2.54e-05	0.69	0.261	0.08	0.399	0.08	0.024	2223	3772	1526	45	2038.85	0.08201286421135494	0.9179871357886391
NY	44535	11/21/2021	12/21/2021	0.159	1.35e-05	0.694	0.569	0.022	0.135	0.022	0.001	81	3963	7543	3109	339.37	0.7986773278939565	0.19877858436783122
NY	44542	11/28/2021	12/28/2021	0.12	3.1e-06	0.701	0.525	0.024	0.164	0.024	0.001	710	4123	8190	1312	436.64	0.658412097088969	0.33936741688378014
NY	44549	12/05/2021	01/04/2022	0.113	3e-06	0.709	0.506	0.025	0.194	0.025	0.003	1773	3691	7917	550	671.76	0.469139534661372	0.5298005160318757
NY	44556	12/12/2021	01/11/2022	0.111	5.3e-06	0.715	0.492	0.027	0.22	0.027	0.007	2969	3237	6421	255	978.29	0.26508800751780476	0.7348387700949089
NY	44563	12/19/2021	01/18/2022	0.106	1.05e-05	0.72	0.478	0.028	0.241	0.028	0.013	3836	2936	3817	121	1157.85	0.14123576625576026	0.8587641975773158
NY	44570	12/26/2021	01/25/2022	0.11	2.57e-05	0.725	0.464	0.03	0.258	0.03	0.021	4133	2979	1694	46	1185.77	0.07932531173009284	0.9206746882698947
SLOVENIA	44550	12/06/2021	01/05/2022	0.181	3.58e-05	0.567	0.368	0.091	0.195	0.091	0.002	36	2814	2571	908	655.79	0.5924948092819358	0.40655327840895106
SLOVENIA	44557	12/13/2021	01/12/2022	0.124	6.6e-06	0.57	0.35	0.094	0.214	0.094	0.005	316	2962	2193	499	938.94	0.40935474567006275	0.5903095976993128
SLOVENIA	44564	12/20/2021	01/19/2022	0.105	7.2e-06	0.573	0.344	0.096	0.234	0.096	0.011	1109	3069	1832	217	1578.71	0.2610875987547564	0.7389077710309759
SLOVENIA	44571	12/27/2021	01/26/2022	0.12	2.02e-05	0.576	0.327	0.098	0.25	0.098	0.023	1885	3036	1446	64	2706.69	0.15726145323054092	0.8427385467179258
USA	44540	11/26/2021	12/26/2021	0.185	9e-07	0.618	0.437	0.048	0.178	0.048	0.001	1235	105835	115793	39043	403.58	0.746446036596407	0.2532517150453542
USA	44547	12/03/2021	01/02/2022	0.152	2e-07	0.623	0.423	0.049	0.197	0.049	0.003	8177	118250	113617	16957	617.22	0.5148044217934922	0.4850223727988896
USA	44554	12/10/2021	01/09/2022	0.135	2e-07	0.628	0.412	0.051	0.214	0.051	0.006	30102	117464	104363	7018	1024.0	0.2963353421537092	0.7036010838327824
USA	44561	12/17/2021	01/16/2022	0.129	4e-07	0.631	0.402	0.053	0.229	0.053	0.014	63908	113698	77643	2881	1504.77	0.1406575657974712	0.8593059419666347
USA	44568	12/24/2021	01/23/2022	0.125	9e-07	0.635	0.39	0.054	0.243	0.054	0.024	98023	109523	47100	1238	1882.66	0.06318786972479064	0.9367870586778497
CANADA	44541	11/27/2021	12/27/2021	0.191	9.2e-06	0.768	0.69	0.012	0.086	0.012	0.0	128	8885	11520	2632	214.04	0.804521998058105	0.1952068055433031
CANADA	44548	12/04/2021	01/03/2022	0.179	3e-06	0.77	0.655	0.013	0.122	0.013	0.002	596	10779	12152	1026	418.64	0.5431784627749643	0.45681822596906335
CANADA	44555	12/11/2021	01/10/2022	0.157	3.2e-06	0.772	0.607	0.013	0.162	0.013	0.004	2097	10834	10522	497	632.09	0.26137299207368075	0.7386270079160976
CANADA	44562	12/18/2021	01/17/2022	0.131	4.2e-06	0.774	0.569	0.014	0.211	0.014	0.009	4832	10262	6796	285	794.93	0.09899142708861153	0.9010085729114348
CANADA	44569	12/25/2021	01/24/2022	0.114	8.5e-06	0.777	0.516	0.015	0.262	0.015	0.014	8000	9770	3382	137	823.5	0.047242685230675756	0.9527573147693379
DENMARK	44541	11/27/2021	12/27/2021	0.183	3.3e-06	0.774	0.565	0.044	0.248	0.044	0.002	406	11096	36119	4039	1227.89	0.8764427990938743	0.12355720090603385
DENMARK	44548	12/04/2021	01/03/2022	0.18	1.6e-06	0.779	0.437	0.05	0.324	0.05	0.007	1455	16671	33279	1742	1889.21	0.6619257245459025	0.3380742754541077
DENMARK	44555	12/11/2021	01/10/2022	0.182	1.8e-06	0.785	0.364	0.056	0.403	0.056	0.015	3149	23637	25715	821	2446.64	0.30440151996374076	0.6955984800365739
DENMARK	44562	12/18/2021	01/17/2022	0.179	3.9e-06	0.793	0.313	0.061	0.473	0.061	0.03	5642	27502	13783	309	3043.24	0.11085962946778824	0.8891403705321693
SOUTHKOREA	44538	11/24/2021	12/24/2021	0.077	4.58e-05	0.812	0.708	0.007	0.129	0.007	0.0	30	279	2598	2380	111.19	0.9700867095208859	0.029913290479114264
SOUTHKOREA	44545	12/01/2021	12/31/2021	0.089	2.25e-05	0.818	0.626	0.007	0.19	0.007	0.0	59	606	2675	1938	115.96	0.9548687636312603	0.04513123636873792
SOUTHKOREA	44552	12/08/2021	01/07/2022	0.103	1.7e-05	0.824	0.544	0.008	0.259	0.008	0.0	81	883	2769	1370	109.17	0.9087265625808062	0.09127343741919931
SOUTHKOREA	44559	12/15/2021	01/14/2022	0.112	1.24e-05	0.831	0.485	0.009	0.328	0.009	0.0	115	1058	2605	851	95.55	0.7831244089373707	0.21687559106263848
SOUTHKOREA	44566	12/22/2021	01/21/2022	0.12	9.6e-06	0.838	0.446	0.009	0.385	0.009	0.0	210	1097	2436	351	88.49	0.6303736015058006	0.3696263984942067
SOUTHKOREA	44573	12/29/2021	01/28/2022	0.124	1.18e-05	0.845	0.406	0.01	0.432	0.01	0.001	510	1329	2096	132	112.17	0.4707086506327558	0.5292913493672697
SOUTHKOREA	44580	01/05/2022	02/04/2022	0.145	3.23e-05	0.851	0.373	0.01	0.473	0.01	0.001	815	1582	1531	39	185.16	0.27295738602445263	0.7270426139755517
SPAIN	44542	11/28/2021	12/28/2021	0.125	2.2e-05	0.807	0.61	0.031	0.186	0.031	0.001	55	812	4245	1475	577.77	0.8806450783780952	0.11906049046992057
SPAIN	44549	12/05/2021	01/04/2022	0.102	8.1e-06	0.809	0.565	0.035	0.23	0.035	0.002	231	959	4139	811	1050.51	0.7982412830126152	0.20145296549312988
SPAIN	44556	12/12/2021	01/11/2022	0.104	6.4e-06	0.811	0.532	0.04	0.275	0.04	0.005	454	1315	3668	476	1545.33	0.6661656428490168	0.33344559852017064
SPAIN	44563	12/19/2021	01/18/2022	0.108	6.3e-06	0.813	0.5	0.046	0.312	0.046	0.012	633	1720	2761	293	2117.13	0.48806473005299406	0.5111598428014742
SPAIN	44570	12/26/2021	01/25/2022	0.106	8.5e-06	0.815	0.471	0.052	0.348	0.052	0.022	788	2108	1731	191	2540.64	0.2891578157775711	0.7092227845535413
SPAIN	44577	01/02/2022	02/01/2022	0.106	1.37e-05	0.817	0.43	0.057	0.385	0.057	0.035	893	2410	960	108	2614.53	0.15837855588976588	0.8401085695643719
SPAIN	44584	01/09/2022	02/08/2022	0.094	2.02e-05	0.818	0.39	0.06	0.422	0.06	0.048	1201	2455	552	68	2303.67	0.08981718246834684	0.9090287726696925
SPAIN	44591	01/16/2022	02/15/2022	0.08	2.84e-05	0.819	0.356	0.062	0.454	0.062	0.061	1610	2353	336	46	1839.67	0.047338048817132564	0.9524490114914689
SPAIN	44598	01/23/2022	02/22/2022	0.072	5.34e-05	0.822	0.335	0.063	0.479	0.063	0.072	1999	2189	215	28	1342.41	0.028786089513529393	0.971213513856041
POLAND	44558	12/14/2021	01/13/2022	0.167	2.82e-05	0.556	0.379	0.031	0.177	0.031	0.001	43	3967	3433	2143	360.64	0.7606137527613003	0.2393862472386846
POLAND	44565	12/21/2021	01/20/2022	0.145	6e-06	0.56	0.364	0.032	0.196	0.032	0.001	277	5656	3589	936	357.41	0.5991227792227822	0.4008772207772
POLAND	44572	12/28/2021	01/27/2022	0.15	5.1e-06	0.564	0.347	0.033	0.216	0.033	0.003	1029	7122	3715	290	514.07	0.38339130245337	0.6166086975466044
POLAND	44579	01/04/2022	02/03/2022	0.16	1.33e-05	0.568	0.327	0.034	0.237	0.034	0.007	2041	7190	3395	99	747.39	0.16767678857579757	0.8323232114241677
FINLAND	44537	11/23/2021	12/23/2021	0.161	0.0001019	0.732	0.651	0.019	0.087	0.019	0.0	13	963	1226	768	290.69	0.8237965389162194	0.17620346108378615
FINLAND	44544	11/30/2021	12/30/2021	0.126	1.65e-05	0.735	0.619	0.02	0.117	0.02	0.001	108	1362	1502	431	417.13	0.7086714394237636	0.29132856057624956
FINLAND	44551	12/07/2021	01/06/2022	0.124	9.7e-06	0.736	0.576	0.022	0.152	0.022	0.003	304	1857	1554	231	660.59	0.4768255402451885	0.5231744597548408
FINLAND	44558	12/14/2021	01/13/2022	0.128	1.27e-05	0.737	0.549	0.023	0.195	0.023	0.007	482	2119	1322	125	946.81	0.26721218495876364	0.7327878150412429
FINLAND	44565	12/21/2021	01/20/2022	0.121	2.35e-05	0.737	0.516	0.025	0.245	0.025	0.013	844	2111	883	59	1203.5	0.12309491400822468	0.8769050859917829
FINLAND	44572	12/28/2021	01/27/2022	0.111	4.32e-05	0.738	0.433	0.026	0.299	0.026	0.021	1242	1997	519	30	1332.56	0.06160253464526149	0.9383974653547392
CA	44542	11/28/2021	12/28/2021	0.2	5.3e-06	0.646	0.476	0.031	0.168	0.031	0.001	221	31428	19570	6858	212.29	0.5835627388031692	0.41630672746688124
CA	44549	12/05/2021	01/04/2022	0.147	9e-07	0.653	0.462	0.032	0.19	0.032	0.002	2959	29344	20173	2468	391.01	0.36702987254652336	0.632907205614109
CA	44556	12/12/2021	01/11/2022	0.133	1.8e-06	0.659	0.447	0.033	0.211	0.033	0.005	11951	25102	19369	763	947.09	0.19813386687653958	0.8018341359266951
CA	44563	12/19/2021	01/18/2022	0.129	4.2e-06	0.666	0.432	0.034	0.232	0.034	0.013	21940	20750	14355	285	1627.78	0.08888828094014466	0.9110812192514821
NORWAY	44534	11/20/2021	12/20/2021	0.159	4.32e-05	0.707	0.569	0.032	0.146	0.032	0.005	30	1790	2840	1497	672.82	0.743479270234859	0.25652072976515156
NORWAY	44541	11/27/2021	12/27/2021	0.104	5.9e-06	0.711	0.528	0.035	0.188	0.035	0.008	286	2361	2611	961	713.72	0.6208616234980957	0.3791383765019195
NORWAY	44548	12/04/2021	01/03/2022	0.095	4.5e-06	0.715	0.478	0.037	0.227	0.037	0.013	744	3040	2380	562	727.97	0.47801137862415255	0.5219886213758611
NORWAY	44555	12/11/2021	01/10/2022	0.102	5.4e-06	0.717	0.45	0.038	0.267	0.038	0.02	1160	3591	2054	297	814.71	0.312782149738921	0.6872178502610998
NORWAY	44562	12/18/2021	01/17/2022	0.114	1.09e-05	0.72	0.433	0.038	0.312	0.038	0.032	1629	3638	1629	122	1028.83	0.17139922460134147	0.8286007753986607
NORWAY	44569	12/25/2021	01/24/2022	0.121	2.51e-05	0.723	0.373	0.039	0.357	0.039	0.048	2198	3599	1116	49	1539.69	0.08552836094604646	0.9144716390539481
MEXICO	44543	11/29/2021	12/29/2021	0.193	7.34e-05	0.521	0.521	0.01	0.0	0.01	0.0	15	2587	1420	765	17.7	0.6677431569965607	0.33156816564705605
MEXICO	44550	12/06/2021	01/05/2022	0.147	1.31e-05	0.535	0.535	0.01	0.0	0.01	0.0	115	2992	1442	456	27.48	0.4361994006748637	0.5630963497765723
MEXICO	44557	12/13/2021	01/12/2022	0.121	8.7e-06	0.549	0.549	0.011	0.0	0.011	0.0	559	2966	1351	190	64.67	0.24862862344874062	0.7509201167356796
MEXICO	44564	12/20/2021	01/19/2022	0.116	1.88e-05	0.565	0.565	0.011	0.0	0.011	0.001	1410	2598	1229	71	115.89	0.14375380735116272	0.8559916458721648
MEXICO	44571	12/27/2021	01/26/2022	0.106	3.44e-05	0.571	0.571	0.011	0.0	0.011	0.002	2368	2256	882	35	199.72	0.06897803022165733	0.9309668027159576
TURKEY	44552	12/08/2021	01/07/2022	0.167	2.59e-05	0.603	0.377	0.046	0.222	0.046	0.001	48	2012	3536	1010	330.59	0.7561430386944251	0.24336294793846233
TURKEY	44559	12/15/2021	01/14/2022	0.146	9.7e-06	0.606	0.339	0.047	0.26	0.047	0.002	235	1884	3059	306	466.74	0.5323275421820952	0.4671138354560748
TURKEY	44566	12/22/2021	01/21/2022	0.136	1.56e-05	0.609	0.303	0.049	0.299	0.049	0.004	756	1495	2723	92	598.32	0.3534770994359024	0.6459113399539322
TURKEY	44573	12/29/2021	01/28/2022	0.135	5.13e-05	0.611	0.27	0.05	0.33	0.05	0.008	1559	1068	2032	25	738.73	0.171611739013173	0.8280607191069751
BRAZIL	44541	11/27/2021	12/27/2021	0.19	2.55e-05	0.649	0.553	0.009	0.096	0.009	0.0	43	3228	3712	959	26.44	0.8067449545325706	0.19081599164237079
BRAZIL	44548	12/04/2021	01/03/2022	0.171	8.8e-06	0.659	0.552	0.009	0.106	0.009	0.0	189	5025	3165	499	25.3	0.5523230489971375	0.445350954902301
BRAZIL	44555	12/11/2021	01/10/2022	0.161	6.6e-06	0.665	0.548	0.009	0.117	0.009	0.0	503	6324	2548	258	52.96	0.26129883265260656	0.7374840343606223
BRAZIL	44562	12/18/2021	01/17/2022	0.148	1.07e-05	0.671	0.547	0.009	0.128	0.009	0.001	1227	6776	1795	118	124.83	0.10280922264987083	0.8965281860609788
